Date,Open,High,Low,Close,Adj Close,Volume,SMA_5,SMA_10,SMA_20,SMA_50,SMA_100,SMA_200,RSI_14,MACD,MACD_signal,MACD_hist,BB_upper,BB_middle,BB_lower,STOCH_k,STOCH_d,ticker
2018-06-21,20.0,20.479999542236328,16.739999771118164,17.75,17.75,1716700,,,,,,,,,,,,,,,,KZR
2018-06-22,17.809999465942383,18.299999237060547,17.610000610351562,17.790000915527344,17.790000915527344,191500,,,,,,,,,,,,,,,,KZR
2018-06-25,17.440000534057617,17.700000762939453,16.75,17.149999618530273,17.149999618530273,147500,,,,,,,,,,,,,,,,KZR
2018-06-26,17.200000762939453,18.0,17.079999923706055,17.709999084472656,17.709999084472656,115400,,,,,,,,,,,,,,,,KZR
2018-06-27,17.93000030517578,17.93000030517578,16.0,17.229999542236328,17.229999542236328,63300,17.52599983215332,,,,,,,,,,,,,,,KZR
2018-06-28,17.729999542236328,17.729999542236328,16.229999542236328,17.200000762939453,17.200000762939453,17400,17.415999984741212,,,,,,,,,,,,,,,KZR
2018-06-29,17.399999618530273,17.790000915527344,17.049999237060547,17.299999237060547,17.299999237060547,28500,17.317999649047852,,,,,,,,,,,,,,,KZR
2018-07-02,17.209999084472656,17.780000686645508,17.059999465942383,17.260000228881836,17.260000228881836,37400,17.339999771118165,,,,,,,,,,,,,,,KZR
2018-07-03,17.299999237060547,18.5,17.139999389648438,17.209999084472656,17.209999084472656,32000,17.239999771118164,,,,,,,,,,,,,,,KZR
2018-07-05,17.299999237060547,17.760000228881836,17.049999237060547,17.25,17.25,53400,17.243999862670897,17.38499984741211,,,,,,,,,,,,,,KZR
2018-07-06,17.700000762939453,17.700000762939453,17.200000762939453,17.200000762939453,17.200000762939453,19400,17.243999862670897,17.329999923706055,,,,,,,,,,,,,,KZR
2018-07-09,17.450000762939453,17.5,17.200000762939453,17.209999084472656,17.209999084472656,16300,17.22599983215332,17.271999740600585,,,,,,,,,,,,,,KZR
2018-07-10,17.049999237060547,17.450000762939453,17.049999237060547,17.440000534057617,17.440000534057617,79800,17.261999893188477,17.30099983215332,,,,,,,,,,,,,,KZR
2018-07-11,17.3799991607666,17.489999771118164,17.020000457763672,17.1299991607666,17.1299991607666,22100,17.245999908447267,17.242999839782716,,,,,,,,,,,,,,KZR
2018-07-12,17.489999771118164,17.489999771118164,16.149999618530273,16.5,16.5,54000,17.095999908447265,17.169999885559083,,,,,30.529589462400857,,,,,,,,,KZR
2018-07-13,16.270000457763672,16.700000762939453,14.770000457763672,15.800000190734863,15.800000190734863,144600,16.81599979400635,17.029999828338624,,,,,24.723457503997636,,,,,,,,,KZR
2018-07-16,16.030000686645508,16.3799991607666,15.109999656677246,16.149999618530273,16.149999618530273,94800,16.603999900817872,16.914999866485594,,,,,31.716056566545785,,,,,,,,,KZR
2018-07-17,16.420000076293945,16.420000076293945,15.359999656677246,15.920000076293945,15.920000076293945,67900,16.299999809265138,16.780999851226806,,,,,29.75968384768218,,,,,,,31.81411035896681,28.098967197807813,KZR
2018-07-18,16.399999618530273,17.5,16.020000457763672,16.65999984741211,16.65999984741211,71500,16.20599994659424,16.725999927520753,,,,,42.12846049263006,,,,,,,39.49954165673789,33.1724660412926,KZR
2018-07-19,16.540000915527344,17.200000762939453,15.9399995803833,16.5,16.5,43100,16.20599994659424,16.65099992752075,17.01799988746643,,,,40.46911557610376,,,,18.140757188626075,17.01799988746643,15.895242586306786,42.6273381216483,37.980330045784335,KZR
2018-07-20,16.389999389648438,16.770000457763672,15.9399995803833,16.1299991607666,16.1299991607666,25300,16.271999740600585,16.543999767303468,16.93699984550476,,,,36.85406557509513,,,,18.07052715231744,16.93699984550476,15.803472538692084,44.50400577352286,42.210295183969684,KZR
2018-07-23,16.389999389648438,16.549999237060547,16.0,16.049999237060547,16.049999237060547,20000,16.25199966430664,16.427999782562257,16.849999761581422,,,,36.10312268547019,,,,17.975361902255806,16.849999761581422,15.724637620907039,39.052703850253856,42.061349248475004,KZR
2018-07-24,16.100000381469727,16.34000015258789,16.0,16.0,16.0,248200,16.26799964904785,16.283999729156495,16.792499780654907,,,,35.61468507082344,,,,17.967112437040488,16.792499780654907,15.617887124269327,37.3048442217505,40.28718461517573,KZR
2018-07-25,16.059999465942383,16.540000915527344,15.380000114440918,16.0,16.0,141900,16.13599967956543,16.170999813079835,16.706999826431275,,,,35.61468507082344,,,,17.850557481216786,16.706999826431275,15.563442171645764,39.14431304860503,38.50062037353646,KZR
2018-07-26,16.110000610351562,16.6200008392334,15.270000457763672,15.5600004196167,15.5600004196167,108200,15.94799976348877,16.076999855041503,16.623499870300293,,,,31.29372854298263,,,,17.843438773042244,16.623499870300293,15.403560967558342,37.351448722076405,37.933535330810635,KZR
2018-07-27,15.84000015258789,16.219999313354492,15.300000190734863,15.5,15.5,17000,15.82199993133545,16.046999835968016,16.53849983215332,,,,30.745924722375932,,,,17.8212042549856,16.53849983215332,15.25579540932104,32.55238301232373,36.34938159433505,KZR
2018-07-30,15.609999656677246,16.5,15.350000381469727,15.5,15.5,15900,15.71200008392334,15.98199987411499,16.448499870300292,,,,30.745924722375932,,,,17.75718271016686,16.448499870300292,15.139817030433724,27.472520434717197,32.45878405637244,KZR
2018-07-31,15.350000381469727,16.670000076293945,15.25,16.309999465942383,16.309999465942383,20600,15.773999977111817,16.020999813079833,16.40099983215332,,,,45.64359298964105,,,,17.656290900738977,16.40099983215332,15.145708763567665,36.6300194833716,32.21830764347084,KZR
2018-08-01,16.739999771118164,16.739999771118164,15.600000381469727,15.619999885559082,15.619999885559082,33300,15.697999954223633,15.916999816894531,16.321499872207642,,,,38.120732914201916,,,,17.563100016219753,16.321499872207642,15.07989972819553,38.09521979693138,34.06591990500672,KZR
2018-08-02,15.850000381469727,16.75,15.420000076293945,16.219999313354492,16.219999313354492,12100,15.829999732971192,15.888999748229981,16.269999837875368,,,,46.394432553028764,,,,17.43644738435716,16.269999837875368,15.103552291393576,44.66307951427822,39.7961062648604,KZR
2018-08-03,16.219999313354492,16.649999618530273,15.800000190734863,16.299999237060547,16.299999237060547,7000,15.989999580383301,15.905999755859375,16.224999761581422,,,,47.40421758639271,,,,17.311139485509145,16.224999761581422,15.138860037653702,41.41521392082134,41.39117107734364,KZR
2018-08-06,16.40999984741211,16.40999984741211,15.710000038146973,16.290000915527344,16.290000915527344,6000,16.14799976348877,15.929999923706054,16.178999853134155,,,,47.28433433286503,,,,17.167956793738234,16.178999853134155,15.190042912530075,46.44412975945408,44.174141064851206,KZR
2018-08-07,16.40999984741211,16.5,15.880000114440918,15.989999771118164,15.989999771118164,29900,16.083999824523925,15.928999900817871,16.10649981498718,,,,43.712223450266215,,,,16.91032222757981,16.10649981498718,15.30267740239455,43.612529011432436,43.82395756390261,KZR
2018-08-08,16.350000381469727,16.5,15.899999618530273,16.489999771118164,16.489999771118164,73200,16.25799980163574,15.977999877929687,16.07449984550476,,,,50.433171793921495,-0.3281719326857697,-0.5224993486075105,0.19432741592174074,16.754160599048067,16.07449984550476,15.394839091961455,55.24995400604238,48.43553759230962,KZR
2018-08-09,16.25,16.700000762939453,15.720000267028809,16.399999618530273,16.399999618530273,9900,16.293999862670898,16.061999797821045,16.069499826431276,,,,49.29225730518816,-0.282839517391583,-0.47456738236432494,0.19172786497274197,16.737944800454322,16.069499826431276,15.401054852408231,65.39808011371744,54.753521043730736,KZR
2018-08-10,15.8100004196167,16.989999771118164,15.600000381469727,16.700000762939453,16.700000762939453,6100,16.37400016784668,16.18199987411499,16.114499855041505,,,,53.1008630078358,-0.2201677102151578,-0.42368744793449153,0.20351973771933374,16.824217368180733,16.114499855041505,15.404782341902276,80.5263123732124,67.0581154976574,KZR
2018-08-13,16.510000228881836,16.700000762939453,16.020000457763672,16.110000610351562,16.110000610351562,7200,16.338000106811524,16.242999935150145,16.112499904632568,,,,45.813084510587615,-0.21562237248889815,-0.38207443284537285,0.1664520603564747,16.822031405870778,16.112499904632568,15.40296840339436,69.80845277100998,71.91094841931327,KZR
2018-08-14,16.110000610351562,16.899999618530273,16.110000610351562,16.700000762939453,16.700000762939453,58300,16.480000305175782,16.282000064849854,16.151499938964843,,,,52.79068314463944,-0.1625384362007587,-0.33816723351645,0.1756287973156913,16.899143674615594,16.151499938964843,15.40385620331409,72.03070173996257,74.1218222947283,KZR
2018-08-15,17.0,17.15999984741211,16.549999237060547,16.549999237060547,16.549999237060547,18900,16.49200019836426,16.375,16.145999908447266,,,,50.99285122693396,-0.13106210144454167,-0.29674620710206834,0.16568410565752667,16.88009531154769,16.145999908447266,15.41190450534684,66.94050326526674,69.5932192587464,KZR
2018-08-16,16.719999313354492,17.299999237060547,16.110000610351562,16.700000762939453,16.700000762939453,5900,16.552000427246092,16.423000144958497,16.15599994659424,,,,52.7266275713425,-0.09294163652047516,-0.2559852929857497,0.16304365646527452,16.914166309731726,16.15599994659424,15.397833583456753,74.04265057263132,71.00461852595352,KZR
2018-08-17,17.0,17.280000686645508,16.6200008392334,16.799999237060547,16.799999237060547,4900,16.572000122070314,16.473000144958498,16.189499950408937,,,,53.89758128286686,-0.05403892519400699,-0.21559601942740114,0.16155709423339415,16.997670131881975,16.189499950408937,15.381329768935897,71.46810353201094,70.81708578996965,KZR
2018-08-20,16.75,17.209999084472656,16.25,16.5,16.5,16100,16.65,16.494000053405763,16.21199998855591,,,,49.90393672455448,-0.046875327821187085,-0.18185188110615833,0.13497655328497124,17.028396951870867,16.21199998855591,15.395603025240954,67.92944932488946,71.14673447651056,KZR
2018-08-21,16.700000762939453,16.969999313354492,16.639999389648438,16.850000381469727,16.850000381469727,6400,16.679999923706056,16.580000114440917,16.254500007629396,,,,54.170501008312364,-0.012808372636108345,-0.14804317941214834,0.13523480677604,17.10989412525418,16.254500007629396,15.399105890004613,69.70681903068883,69.70145729586307,KZR
2018-08-22,16.760000228881836,16.950000762939453,16.110000610351562,16.270000457763672,16.270000457763672,12800,16.62400016784668,16.55800018310547,16.268000030517577,,,,47.02335851215751,-0.03223957405299771,-0.12488245834031822,0.09264288428732051,17.115386657748505,16.268000030517577,15.420613403286646,57.6408352655954,65.09236787372454,KZR
2018-08-23,16.270000457763672,16.959999084472656,16.270000457763672,16.700000762939453,16.700000762939453,5800,16.62400016784668,16.588000297546387,16.325000047683716,,,,52.07210384802746,-0.01279402860715706,-0.10246477239368598,0.08967074378652892,17.126336634229684,16.325000047683716,15.523663461137748,60.060541350412336,62.469398548898845,KZR
2018-08-24,16.799999237060547,17.299999237060547,16.520000457763672,17.299999237060547,17.299999237060547,33100,16.72400016784668,16.648000144958495,16.415000009536744,,,,58.07593528936518,0.05045001238265456,-0.07188181543841787,0.12233182782107244,17.22970242178586,16.415000009536744,15.600297597287629,68.03924802542535,61.91354154714435,KZR
2018-08-27,17.399999618530273,17.649999618530273,16.809999465942383,17.200000762939453,17.200000762939453,21600,16.86400032043457,16.757000160217284,16.500000047683717,,,,56.79888544185805,0.09144817177660869,-0.03921581799541256,0.13066398977202126,17.268531262184833,16.500000047683717,15.7314688331826,80.91825883146011,69.67268273576592,KZR
2018-08-28,17.25,17.559999465942383,16.950000762939453,17.149999618530273,17.149999618530273,16300,16.92400016784668,16.802000045776367,16.54200005531311,,,,56.134208678585,0.11853839714063241,-0.007664974968203557,0.12620337210883598,17.35493551973009,16.54200005531311,15.72906459089613,84.5528583878401,77.8367884149085,KZR
2018-08-29,17.110000610351562,17.559999465942383,17.079999923706055,17.18000030517578,17.18000030517578,6800,17.1060001373291,16.86500015258789,16.620000076293945,,,,56.46340959116639,0.14080528492587163,0.022029077010611485,0.11877620791526014,17.36021629968733,16.620000076293945,15.879783852900559,76.9105902858543,80.79390250171815,KZR
2018-08-30,17.149999618530273,17.600000381469727,16.639999389648438,17.549999237060547,17.549999237060547,28000,17.27599983215332,16.95,16.686500072479248,16.659599933624268,,,60.40960722207347,0.18616181795724174,0.05485562519993754,0.1313061927573042,17.50577452291627,16.686500072479248,15.867225622042227,82.182648942493,81.21536587206246,KZR
2018-08-31,17.530000686645508,18.5,16.8700008392334,17.270000457763672,17.270000457763672,121600,17.270000076293947,16.99700012207031,16.735000133514404,16.64999994277954,,,56.25414537132383,0.19723997605263932,0.0833324953704779,0.11390748068216142,17.571671850633354,16.735000133514404,15.898328416395454,73.15792355704535,77.41705426179755,KZR
2018-09-04,17.239999771118164,18.0,16.75,17.040000915527344,17.040000915527344,73200,17.238000106811523,17.05100021362305,16.772500133514406,16.63499994277954,,,53.02736888548159,0.18532415380023792,0.10373082705642991,0.08159332674380801,17.593106492757684,16.772500133514406,15.951893774271127,60.43757719148217,71.92604989700683,KZR
2018-09-05,17.100000381469727,18.0,16.75,17.0,17.0,37400,17.20800018310547,17.066000175476074,16.823000144958495,16.631999950408936,,,52.463729727413856,0.17068548323221222,0.11712175829158637,0.05356372494062585,17.56535024203358,16.823000144958495,16.08065004788341,41.56206838578144,58.38585637810298,KZR
2018-09-06,16.90999984741211,18.3700008392334,16.90999984741211,18.299999237060547,18.299999237060547,45600,17.431999969482423,17.26900005340576,16.913500118255616,16.643799953460693,,,65.35291853022679,0.2609749484702739,0.14589239632732387,0.11508255214295005,17.879134676346116,16.913500118255616,15.947865560165116,55.92746646576986,52.64237068101115,KZR
2018-09-07,18.299999237060547,19.5,17.670000076293945,18.760000228881836,18.760000228881836,62300,17.67400016784668,17.475,17.031500148773194,16.674399967193605,,,68.59754317684904,0.3654357203152365,0.1898010611249064,0.1756346591903301,18.25866356496314,17.031500148773194,15.804336732583248,69.01377902229395,55.501104624615074,KZR
2018-09-10,19.06999969482422,19.34000015258789,18.020000457763672,18.40999984741211,18.40999984741211,92600,17.90200004577637,17.586000061035158,17.117000102996826,16.698599948883057,,,63.70885812018132,0.41519343739486914,0.23487953637889897,0.18031390101597017,18.471534339040353,17.117000102996826,15.7624658669533,79.21648558344818,68.05257702383733,KZR
2018-09-11,18.479999542236328,19.729999542236328,18.059999465942383,19.25,19.25,81300,18.3439998626709,17.790999984741212,17.274000072479247,16.737599964141847,,,69.35375812895181,0.5164544138045031,0.2911945118640198,0.2252599019404833,18.83710440406744,17.274000072479247,15.710895740891056,77.58601062370134,75.27209174314783,KZR
2018-09-12,19.360000610351562,21.34000015258789,18.549999237060547,20.65999984741211,20.65999984741211,76000,19.07599983215332,18.142000007629395,17.47200002670288,16.805599956512452,,,76.0796216305002,0.7023830365537052,0.3734322168019569,0.3289508197517483,19.5965195200562,17.47200002670288,15.347480533349557,80.39156732692429,79.06468784469128,KZR
2018-09-13,20.93000030517578,21.209999084472656,18.559999465942383,19.799999237060547,19.799999237060547,32900,19.37599983215332,18.403999900817873,17.63450002670288,16.85739995956421,,,66.49405057300568,0.7714452075507765,0.4530348149517208,0.3184103925990557,19.941415077393533,17.63450002670288,15.32758497601223,80.45929203839638,79.47895666300735,KZR
2018-09-14,19.700000762939453,20.790000915527344,19.0,20.489999771118164,20.489999771118164,58200,19.721999740600587,18.697999954223633,17.823999977111818,16.92219995498657,,,69.78354058881284,0.871805125350221,0.5367888770314209,0.33501624831880017,20.39972009186792,17.823999977111818,15.248279862355718,78.85080810893834,79.90055582475303,KZR
2018-09-17,20.6299991607666,20.700000762939453,19.329999923706055,19.84000015258789,19.84000015258789,37900,20.00799980163574,18.954999923706055,17.976000022888183,16.97499994277954,,,63.46271707872153,0.8886477680128948,0.6071606552277157,0.2814871127851791,20.649023384603165,17.976000022888183,15.3029766611732,72.68325717128833,77.33111910620771,KZR
2018-09-18,19.729999542236328,20.360000610351562,18.360000610351562,20.030000686645508,20.030000686645508,33800,20.163999938964842,19.25399990081787,18.152500057220458,17.031399974823,,,64.47563303992376,0.906873268337101,0.6671031778495927,0.2397700904875083,20.87802998287291,18.152500057220458,15.426970131568005,74.04255848728067,75.19220792250248,KZR
2018-09-19,19.889999389648438,20.829999923706055,19.010000228881836,19.34000015258789,19.34000015258789,37900,19.9,19.48799991607666,18.27700004577637,17.069399967193604,,,58.16886255192743,0.8557749907365171,0.7048375404269775,0.15093745030953953,20.980561142045204,18.27700004577637,15.573438949507533,65.8865341478928,70.87078326882063,KZR
2018-09-20,19.389999389648438,20.700000762939453,19.06999969482422,20.030000686645508,20.030000686645508,50200,19.94600028991699,19.661000061035157,18.465000057220458,17.12739999771118,,,62.15543460083873,0.8610310837579043,0.7360762490931629,0.12495483466474133,21.1063745789738,18.465000057220458,15.823625535467116,67.01139948438795,68.98016403985383,KZR
2018-09-21,20.219999313354492,20.350000381469727,19.200000762939453,19.639999389648438,19.639999389648438,515100,19.776000213623046,19.748999977111815,18.611999988555908,17.19019998550415,,,58.74750452840368,0.8242255707377666,0.7537061134220837,0.07051945731568288,21.170027281099067,18.611999988555908,16.05397269601275,63.956490187917744,65.61814127339953,KZR
2018-09-24,19.770000457763672,20.579999923706055,19.770000457763672,20.40999984741211,20.40999984741211,18400,19.89000015258789,19.948999977111818,18.767500019073488,17.282399978637695,,,63.05457386260726,0.8474209965323389,0.7724490900441348,0.07497190648820418,21.365398033918588,18.767500019073488,16.169602004228388,71.38707042063892,67.4516533643149,KZR
2018-09-25,20.59000015258789,21.0,20.0,20.479999542236328,20.479999542236328,44200,19.979999923706053,20.071999931335448,18.93149995803833,17.368999977111816,,,63.42839640607218,0.861520852835632,0.7902634426024342,0.07125741023319776,21.526998044222356,18.93149995803833,16.336001871854304,74.42946623254932,69.92434228036869,KZR
2018-09-26,20.610000610351562,20.68000030517578,19.5,19.920000076293945,19.920000076293945,12900,20.095999908447265,19.997999954223634,19.069999980926514,17.448999977111818,,,58.34251634610129,0.8180775252734556,0.7958262591366385,0.02225126613681705,21.564104849381224,19.069999980926514,16.575895112471805,73.87778391935721,73.2314401908485,KZR
2018-09-27,19.989999771118164,21.030000686645508,19.809999465942383,20.649999618530273,20.649999618530273,25700,20.219999694824217,20.082999992370606,19.243499946594238,17.52879997253418,,,62.55724689306446,0.8329514910909062,0.803251305527492,0.02970018556341414,21.66940393451314,19.243499946594238,16.817595958675334,73.70388170504225,74.00371061898295,KZR
2018-09-28,20.729999542236328,22.0,20.270000457763672,21.40999984741211,21.40999984741211,33900,20.57399978637695,20.175,19.436499977111815,17.626999969482423,,,66.3718990572383,0.895739357313488,0.8217489158846912,0.07399044142879674,21.906554540252557,19.436499977111815,16.966445413971073,75.183376324637,74.25501398301218,KZR
2018-10-01,21.40999984741211,21.40999984741211,20.719999313354492,21.18000030517578,21.18000030517578,46000,20.727999877929687,20.30900001525879,19.631999969482422,17.727999992370606,,,64.23893549369815,0.91637673224038,0.8406744791558289,0.07570225308455103,22.002127223903425,19.631999969482422,17.26187271506142,80.5715868067167,76.486281612132,KZR
2018-10-02,21.1299991607666,21.1299991607666,19.670000076293945,20.549999237060547,20.549999237060547,10700,20.74199981689453,20.360999870300294,19.807499885559082,17.817999992370606,,,58.67653037978715,0.8718460805842732,0.8469087994415178,0.024937281142755396,21.885757576965894,19.807499885559082,17.72924219415227,74.22090615739134,76.65862309624836,KZR
2018-10-03,20.670000076293945,20.670000076293945,19.479999542236328,20.209999084472656,20.209999084472656,21900,20.799999618530272,20.44799976348877,19.967999839782713,17.902199974060057,,,55.86509977400104,0.7998993062246527,0.8375069007981447,-0.037607594573492054,21.602657017973588,19.967999839782713,18.33334266159184,62.820494010365344,72.53766232482447,KZR
2018-10-04,20.15999984741211,21.170000076293945,19.899999618530273,20.600000381469727,20.600000381469727,21700,20.789999771118165,20.504999732971193,20.082999897003173,17.99419998168945,,,58.331386767383755,0.7655263037805575,0.8231107813946272,-0.05758447761406971,21.546777124715888,20.082999897003173,18.61922266929046,57.50913850706976,64.85017955827549,KZR
2018-10-05,20.760000228881836,21.149999618530273,20.280000686645508,20.899999618530273,20.899999618530273,32100,20.687999725341797,20.630999755859374,20.189999866485596,18.100999965667725,,,60.17494406574044,0.7538035053487846,0.8092493261854588,-0.05544582083667415,21.561232845639182,20.189999866485596,18.81876688733201,60.714270742943846,60.34796775345966,KZR
2018-10-08,20.8799991607666,22.0,20.709999084472656,21.739999771118164,21.739999771118164,138300,20.799999618530272,20.76399974822998,20.356499862670898,18.22579996109009,,,64.86265129372227,0.8030371825064151,0.80800689744965,-0.0049697149432349486,21.627802665110785,20.356499862670898,19.08519706023101,74.20766976926517,64.14369300642626,KZR
2018-10-09,21.75,23.0,21.049999237060547,22.829999923706055,22.829999923706055,195900,21.255999755859374,20.998999786376952,20.535499858856202,18.37239995956421,,,69.82594170820003,0.9194107345314393,0.8302876648660079,0.08912306966543138,22.106110868025585,20.535499858856202,18.96488884968682,85.58628079587413,73.50274043602772,KZR
2018-10-10,22.809999465942383,23.84000015258789,22.299999237060547,23.260000228881836,23.260000228881836,47600,21.86599998474121,21.332999801635744,20.665499877929687,18.511399974822996,,,71.5341905140406,1.0344109978182736,0.871112331456461,0.16329866636181256,22.635448944812293,20.665499877929687,18.69555081104708,91.4928793848551,83.76227664999813,KZR
2018-10-11,23.139999389648438,23.139999389648438,20.700000762939453,21.899999618530273,21.899999618530273,95100,22.12599983215332,21.457999801635744,20.770499897003173,18.63699996948242,,,59.97019566701126,1.0042326824985075,0.8977364016648703,0.10649628083363716,22.7683935278378,20.770499897003173,18.772606266168545,79.55962659494467,85.54626225855797,KZR
2018-10-12,22.020000457763672,24.889999389648438,21.020000457763672,22.3700008392334,22.3700008392334,67900,22.420000076293945,21.55399990081787,20.864499950408934,18.76,,,62.24188576266989,1.0066374310362782,0.9195166075391519,0.08712082349712635,22.974518791245067,20.864499950408934,18.7544811095728,65.47473332073756,78.84241310017912,KZR
2018-10-15,22.25,23.739999771118164,21.860000610351562,23.479999542236328,23.479999542236328,49900,22.768000030517577,21.783999824523924,21.046499919891357,18.903600006103517,,,67.00433799105316,1.0855967467280827,0.9527326353769381,0.13286411135114462,23.38699798845277,21.046499919891357,18.706001851329944,60.953785155729214,68.66271502380381,KZR
2018-10-16,23.59000015258789,23.860000610351562,22.299999237060547,22.709999084472656,22.709999084472656,55300,22.743999862670897,21.999999809265137,21.180499839782716,19.03199996948242,,,61.2344260730484,1.0736634476139848,0.9769187978243474,0.09674464978963737,23.579020019120446,21.180499839782716,18.781979660444986,62.3536729800731,62.92739715217996,KZR
2018-10-17,22.739999771118164,23.5,22.43000030517578,23.3799991607666,23.3799991607666,31600,22.76799964904785,22.31699981689453,21.382499790191652,19.179799957275392,,,64.12896085599807,1.1055258153900454,1.002640201337487,0.10288561405255825,23.80732035339183,21.382499790191652,18.957679226991473,68.57670655998677,63.961388231929696,KZR
2018-10-18,23.510000228881836,25.5,23.09000015258789,25.1299991607666,25.1299991607666,52400,23.413999557495117,22.769999694824218,21.637499713897704,19.35259994506836,,,70.35523746039308,1.2574917637571588,1.0536105138214213,0.20388124993573742,24.47696347679942,21.637499713897704,18.79803595099599,75.2155904331991,68.71532332441966,KZR
2018-10-19,25.389999389648438,26.309999465942383,24.389999389648438,25.5,25.5,110600,24.039999389648436,23.22999973297119,21.930499744415282,19.534599952697754,,,71.48230069179729,1.3917387502086207,1.1212361610988613,0.27050258910975944,25.07771098172546,21.930499744415282,18.783288507105105,84.69436358218105,76.16222019178896,KZR
2018-10-22,25.290000915527344,26.75,24.959999084472656,25.760000228881836,25.760000228881836,59500,24.49599952697754,23.63199977874756,22.19799976348877,19.715799942016602,,,72.27983936791556,1.5017985014394135,1.1973486291669717,0.3044498722724418,25.67497320833738,22.19799976348877,18.72102631864016,89.45892286122223,83.12295895886746,KZR
2018-10-23,25.309999465942383,26.860000610351562,24.020000457763672,24.670000076293945,24.670000076293945,99600,24.887999725341796,23.81599979400635,22.40749979019165,19.88699993133545,,,64.17671900870776,1.4839615593033706,1.2546712151942514,0.2292903441091192,25.94948164343222,22.40749979019165,18.86551793695108,81.01914700945558,85.05747781761961,KZR
2018-10-24,24.700000762939453,25.469999313354492,22.850000381469727,23.3799991607666,23.3799991607666,39900,24.887999725341796,23.827999687194826,22.580499744415285,20.02059989929199,,,56.153315115217225,1.350169448307959,1.273770861816993,0.07639858649096598,25.95356060242916,22.580499744415285,19.20743888640141,67.34310544509331,79.27372510525704,KZR
2018-10-25,23.559999465942383,24.25,21.829999923706055,24.239999771118164,24.239999771118164,85000,24.70999984741211,24.061999702453612,22.759999752044678,20.174399909973143,,,59.76476132563906,1.2985640601964832,1.278729501492891,0.019834558703592187,26.08476748249241,22.759999752044678,19.435232021596946,57.70481224068471,68.68902156507788,KZR
2018-10-26,23.93000030517578,25.6200008392334,21.90999984741211,25.079999923706055,25.079999923706055,85300,24.62599983215332,24.332999610900877,22.943499755859374,20.341999893188476,,,62.97273850087094,1.3103425966666258,1.285052120527638,0.025290476138987827,26.353979438635218,22.943499755859374,19.53302007308353,58.56128046467228,61.203066050150106,KZR
2018-10-29,25.139999389648438,25.139999389648438,23.959999084472656,24.110000610351562,24.110000610351562,106800,24.295999908447264,24.395999717712403,23.089999771118165,20.488199920654296,,,57.29211164633836,1.2272592529876967,1.2734935470196498,-0.046234294031953116,26.43599460598228,23.089999771118165,19.74400493625405,61.309514594210555,59.19186909985584,KZR
2018-10-30,24.110000610351562,26.700000762939453,23.799999237060547,25.440000534057617,25.440000534057617,49000,24.45,24.668999862670898,23.334499835968018,20.66699993133545,,,62.31217940491006,1.254276464782894,1.2696501305722987,-0.0153736657894048,26.616380467961196,23.334499835968018,20.05261920397484,67.8030253770265,62.557940145303114,KZR
2018-10-31,25.780000686645508,25.780000686645508,22.760000228881836,24.729999542236328,24.729999542236328,72800,24.720000076293946,24.80399990081787,23.5604998588562,20.82459991455078,,,58.367900855704235,1.204511791317227,1.2566224627212843,-0.05211067140405734,26.561069694419142,23.5604998588562,20.55993002329326,65.27752393779778,64.79668796967827,KZR
2018-11-01,24.0,24.8799991607666,23.299999237060547,24.0,24.0,43800,24.672000122070312,24.69099998474121,23.730499839782716,20.979199905395507,,,54.54495999434595,1.0935621629669612,1.2240104027704197,-0.13044823980345854,26.408846346066284,23.730499839782716,21.05215333349915,61.20552625705909,64.7620251906278,KZR
2018-11-02,24.18000030517578,25.170000076293945,24.09000015258789,24.959999084472656,24.959999084472656,22200,24.647999954223632,24.636999893188477,23.933499813079834,21.14439987182617,,,58.40342033966517,1.0707546926451457,1.193359260745365,-0.12260456810021925,26.322786616526415,23.933499813079834,21.544213009633253,56.2983812042017,60.927143799686185,KZR
2018-11-05,25.059999465942383,25.059999465942383,22.5,23.579999923706055,23.579999923706055,73900,24.54199981689453,24.418999862670898,24.02549982070923,21.26999988555908,,,51.62008345755778,0.9305978561478696,1.1408069798258658,-0.21020912367799616,26.202088750904597,24.02549982070923,21.84891089051386,46.71967047491714,54.74119264539264,KZR
2018-11-06,23.610000610351562,23.950000762939453,22.719999313354492,22.989999771118164,22.989999771118164,69700,24.051999664306642,24.25099983215332,24.033499813079835,21.385799865722657,,,48.99974775898953,0.7631177258521298,1.0652691290311185,-0.3021514031789887,26.193567275297404,24.033499813079835,21.873432350862267,40.026495584216796,47.68151575444521,KZR
2018-11-07,23.209999084472656,24.18000030517578,22.489999771118164,23.0,23.0,118000,23.705999755859374,24.21299991607666,24.020499801635744,21.50279987335205,,,49.04695958897891,0.6240023403078432,0.9770157712864634,-0.35301343097862026,26.202054176735523,24.020499801635744,21.838945426535965,27.037769163321258,37.927978407485064,KZR
2018-11-08,23.479999542236328,24.5,22.920000076293945,24.0,24.0,168100,23.705999755859374,24.188999938964844,24.12549982070923,21.639199867248536,,,53.666012440285456,0.5876697466157914,0.899146566352329,-0.3114768197365376,26.078922283608264,24.12549982070923,22.172077357810196,29.821069487772718,32.29511141177026,KZR
2018-11-09,24.979999542236328,25.030000686645508,23.559999465942383,24.579999923706055,24.579999923706055,29300,23.629999923706055,24.138999938964844,24.23599977493286,21.779799880981447,19.219699907302857,,56.14900219402763,0.5987747483593573,0.8390722027537347,-0.24029745439437744,26.022610278920112,24.23599977493286,22.44938927094561,40.357848384637755,32.405562345243915,KZR
2018-11-12,24.68000030517578,26.540000915527344,24.190000534057617,26.190000534057617,26.190000534057617,27100,24.15200004577637,24.34699993133545,24.371499824523926,21.958199882507323,19.304099912643434,,62.20387847905109,0.729084701567011,0.81707470251639,-0.08799000094937903,26.312595536271544,24.371499824523926,22.43040411277631,62.44694242690627,44.20862009977225,KZR
2018-11-13,26.5,26.5,24.6200008392334,24.989999771118164,24.989999771118164,36500,24.552000045776367,24.301999855041505,24.4854998588562,22.11719985961914,19.37609990119934,,55.99754707291733,0.7271441800955927,0.7990885980322305,-0.07194441793663786,26.285572086796876,24.4854998588562,22.685427630915527,69.69557597054539,57.50012226069648,KZR
2018-11-14,25.940000534057617,26.0,24.850000381469727,25.729999542236328,25.729999542236328,24100,25.09799995422363,24.401999855041502,24.602999877929687,22.291799850463867,19.4618999004364,,58.7319717449169,0.776368605925466,0.7945445996108776,-0.018175993685411673,26.405876618465737,24.602999877929687,22.800123137393637,78.05474121650852,70.0657532046534,KZR
2018-11-15,25.899999618530273,25.899999618530273,24.65999984741211,24.8799991607666,24.8799991607666,22000,25.273999786376955,24.489999771118164,24.590499877929688,22.42339984893799,19.53359990119934,,54.53947935231251,0.7382809478011403,0.7832918692489301,-0.04501092144778984,26.38201867863533,24.590499877929688,22.798981077224045,67.13535804438995,71.62855841048129,KZR
2018-11-16,24.600000381469727,26.25,23.610000610351562,25.899999618530273,25.899999618530273,89500,25.5379997253418,24.583999824523925,24.6104998588562,22.566199836730956,19.62029990196228,,58.37899299494443,0.7813942898011099,0.782912353359366,-0.001518063558256122,26.450461661734444,24.6104998588562,22.77053805597796,72.50554226328443,72.56521384139431,KZR
2018-11-19,26.09000015258789,26.5,23.420000076293945,23.790000915527344,23.790000915527344,23900,25.05799980163574,24.604999923706053,24.511999893188477,22.67379985809326,19.68619990348816,,49.13428934587923,0.6379487861165067,0.7539196399107941,-0.1159708537942874,26.305606301006954,24.511999893188477,22.71839348537,56.621984981112426,65.42096176292894,KZR
2018-11-20,23.350000381469727,24.889999389648438,22.81999969482422,24.459999084472656,24.459999084472656,11600,24.95199966430664,24.751999855041504,24.50149984359741,22.777999839782716,19.75779990196228,,51.747259729196735,0.5717397834747331,0.7174836686235819,-0.14574388514884884,26.29374172103801,24.50149984359741,22.709257966156812,53.91277707510539,61.01343477316743,KZR
2018-11-21,24.799999237060547,25.25,24.399999618530273,25.020000457763672,25.020000457763672,8600,24.809999847412108,24.95399990081787,24.583499908447266,22.865199851989747,19.835399904251098,,53.87981629150488,0.5580235543914327,0.685591645777152,-0.12756809138571934,26.31192425616111,24.583499908447266,22.85507556073342,47.73662144446379,52.75712783356056,KZR
2018-11-23,24.899999618530273,25.75,24.899999618530273,25.75,25.75,2600,24.98400001525879,25.12899990081787,24.658999919891357,22.984199867248535,19.920799913406373,,56.57411319546627,0.5991515599958319,0.668303628620888,-0.06915206862505607,26.45153882956871,24.658999919891357,22.866461010214003,63.86829659372753,55.172565037765594,KZR
2018-11-26,25.850000381469727,25.8799991607666,23.989999771118164,24.229999542236328,24.229999542236328,9400,24.65,25.0939998626709,24.61649990081787,23.0589998626709,19.990599908828734,,50.02146776131949,0.5032928206335647,0.6353014670234234,-0.13200864638985865,26.4074021316461,24.61649990081787,22.82559766998964,61.9752967810087,57.86007160640003,KZR
2018-11-27,23.989999771118164,24.270000457763672,23.010000228881836,23.969999313354492,23.969999313354492,65500,24.68599967956543,24.871999740600586,24.609499835968016,23.14159984588623,20.058299894332887,,48.97650362208378,0.40171352999011845,0.5885838796167624,-0.18687034962664395,26.409338465518942,24.609499835968016,22.80966120641709,53.33331449532752,59.72563595668794,KZR
2018-11-28,24.110000610351562,25.34000015258789,23.739999771118164,25.31999969482422,25.31999969482422,29700,24.857999801635742,24.90499973297119,24.603499794006346,23.247399826049804,20.139399900436402,,54.313288521869,0.42524302182556895,0.5559157080585237,-0.1306726862329548,26.39299436465786,24.603499794006346,22.814005223354833,48.90347081389606,54.73736069674411,KZR
2018-11-29,25.440000534057617,26.700000762939453,25.440000534057617,26.549999237060547,26.549999237060547,27000,25.163999557495117,24.986999702453613,24.69449977874756,23.391599807739258,20.23049988746643,,58.56561075500396,0.5369513561562371,0.5521228376780665,-0.015171481521829344,26.67534263182815,24.69449977874756,22.713656925666967,66.62714987540734,56.287978394876994,KZR
2018-11-30,26.780000686645508,30.0,26.1200008392334,29.68000030517578,29.68000030517578,55100,25.949999618530274,25.466999816894532,24.978499794006346,23.584599800109864,20.35599989891052,,66.986408878375,0.8680397220352525,0.6153062145495036,0.25273350748574885,27.889803880700153,24.978499794006346,22.06719570731254,86.29381376858515,67.27481148596287,KZR
2018-12-03,30.989999771118164,30.989999771118164,28.049999237060547,29.649999618530273,29.649999618530273,22200,27.033999633789062,25.841999816894532,25.21299982070923,23.7847998046875,20.487499895095826,,66.84617908476453,1.115154031159225,0.7152757778714479,0.39987825328777704,28.765498110921342,25.21299982070923,21.660501530497115,91.75856392685115,81.55984252361456,KZR
2018-12-04,29.649999618530273,29.989999771118164,27.719999313354492,28.639999389648438,28.639999389648438,19600,27.96799964904785,26.32699966430664,25.465999794006347,23.949399795532226,20.61589988708496,,62.130609340734196,1.2154839812326266,0.8153174185436837,0.4001665626889429,29.23159876792622,25.465999794006347,21.700400820086475,83.45931171137285,87.17056313560306,KZR
2018-12-06,28.510000228881836,29.969999313354492,27.290000915527344,28.200000762939453,28.200000762939453,36700,28.543999862670898,26.70099983215332,25.726499843597413,24.10379981994629,20.736399898529054,,60.140224028814515,1.245138792621244,0.9012816933591957,0.3438570992620483,29.491753031099588,25.726499843597413,21.961246656095238,73.56181362005667,82.92656308609357,KZR
2018-12-07,27.93000030517578,28.8700008392334,27.0,27.850000381469727,27.850000381469727,11200,28.804000091552734,26.983999824523927,25.9689998626709,24.262399826049805,20.85569990158081,,58.53387217043402,1.2262627449865775,0.966277903684672,0.25998484130190547,29.623722445362276,25.9689998626709,22.31427727997952,66.21787555293464,74.41300029478806,KZR
2018-12-10,27.540000915527344,27.540000915527344,25.950000762939453,26.729999542236328,26.729999542236328,19900,28.213999938964843,27.08199977874756,26.105499839782716,24.383999824523926,20.956399898529053,,53.60013473244181,1.1081545182685844,0.9946532266014545,0.11350129166712986,29.65837194443943,26.105499839782716,22.552627735126002,58.42513859016048,66.06827592105061,KZR
2018-12-11,26.860000610351562,27.68000030517578,26.010000228881836,26.850000381469727,26.850000381469727,49200,27.654000091552735,27.3439998626709,26.2189998626709,24.492799835205076,21.05989990234375,,54.04705774839434,1.012563757807083,0.9982353328425801,0.014328424964502817,29.714253413386558,26.2189998626709,22.72374631195524,52.91718114885892,59.1867317639847,KZR
2018-12-12,27.3700008392334,30.0,26.780000686645508,29.299999237060547,29.299999237060547,43900,27.786000061035157,27.876999855041504,26.374499797821045,24.655199813842774,21.191599903106688,,62.078107032063436,1.121573027888001,1.0229028718516644,0.09867015603633655,30.118617811619423,26.374499797821045,22.630381784022667,58.6689584604118,56.67042606647709,KZR
2018-12-13,29.850000381469727,36.33000183105469,29.850000381469727,32.900001525878906,32.900001525878906,125600,28.726000213623045,28.635000038146973,26.76999988555908,24.90219985961914,21.360099925994874,,70.2935546950634,1.4813773619267856,1.1145977698666887,0.3667795920600969,31.409590914888692,26.76999988555908,22.13040885622947,67.46603687182322,59.68405882703134,KZR
2018-12-14,32.08000183105469,32.22999954223633,29.020000457763672,29.979999542236328,29.979999542236328,44400,29.15200004577637,28.97800006866455,26.982499885559083,25.097599868774413,21.499899921417235,,59.10810791730982,1.5134589199637283,1.1943699998860966,0.3190889200776317,31.798066242259655,26.982499885559083,22.16693352885851,68.46620438809977,64.86706657344496,KZR
2018-12-17,29.43000030517578,29.790000915527344,22.030000686645508,22.690000534057617,22.690000534057617,78800,28.344000244140624,28.279000091552735,26.872999954223634,25.13939987182617,21.566799926757813,,41.39728629903325,0.9398082662637322,1.1434576531616236,-0.20364938689789147,31.96640025980673,26.872999954223634,21.779599648640538,43.73064970424301,59.88763032138869,KZR
2018-12-18,23.860000610351562,24.0,21.969999313354492,22.739999771118164,22.739999771118164,97900,27.522000122070313,27.588000106811524,26.714999961853028,25.17619987487793,21.638599920272828,,41.5266969048568,0.48364534832965944,1.0114951921952309,-0.5278498438655714,32.106647470232595,26.714999961853028,21.323352453473458,20.768272765497407,44.32170895261342,KZR
2018-12-19,22.75,22.75,19.5,20.299999237060547,20.299999237060547,110400,25.722000122070312,26.754000091552733,26.540499877929687,25.147399864196778,21.686599912643434,,37.208472461255084,-0.07390279633928998,0.7944155944883267,-0.8683183908276166,32.49594987881759,26.540499877929687,20.585049877041783,4.910304628671525,23.136409032804007,KZR
2018-12-20,20.209999084472656,23.030000686645508,20.209999084472656,22.3799991607666,22.3799991607666,183500,23.617999649047853,26.17199993133545,26.436499881744385,25.13839984893799,21.7553999042511,,42.68038525230921,-0.34396014886018733,0.5667404458186238,-0.9107005946788111,32.60256647637641,26.436499881744385,20.270433287112365,9.075941107993946,11.584839500720987,KZR
2018-12-21,22.43000030517578,23.0,20.68000030517578,22.3700008392334,22.3700008392334,237100,22.095999908447265,25.623999977111815,26.30399990081787,25.12059986114502,21.81599991798401,,42.66114020243987,-0.5524213578366428,0.3429080850875705,-0.8953294429242133,32.695880769433614,26.30399990081787,19.912119032202128,12.972862991562536,8.98636957607603,KZR
2018-12-24,22.610000610351562,22.75,20.6200008392334,21.329999923706055,21.329999923706055,18200,21.82399978637695,25.084000015258788,26.082999897003173,25.109199867248535,21.87309991836548,,40.60991161661663,-0.7924133027709566,0.11584380751586504,-0.9082571102868215,32.83189084354189,26.082999897003173,19.334108950464458,15.012872051939766,12.353892050498777,KZR
2018-12-26,21.049999237060547,23.049999237060547,21.049999237060547,22.3799991607666,22.3799991607666,55600,21.75199966430664,24.636999893188477,25.990499877929686,25.1093998336792,21.934699916839598,,43.56047466654822,-0.8876502059280966,-0.0848549951729273,-0.8027952107551694,32.88753002297896,25.990499877929686,19.093469732880415,15.012872051939766,14.332869031814049,KZR
2018-12-27,22.0,22.8799991607666,20.190000534057617,22.399999618530273,22.399999618530273,98100,22.171999740600587,23.946999931335448,25.911999893188476,25.08779983520508,21.995699920654296,,43.61793492062049,-0.950554863270316,-0.257994968792405,-0.692559894477911,32.93383937779365,25.911999893188476,18.890160408583295,15.072287334239421,15.032677146039676,KZR
2018-12-28,22.399999618530273,22.93000030517578,21.760000228881836,22.68000030517578,22.68000030517578,66000,22.231999969482423,22.924999809265138,25.779999923706054,25.08719985961914,22.05959991455078,,44.470276247555795,-0.9666703678001021,-0.39973004859394445,-0.5669403192061576,32.93930192880382,25.779999923706054,18.620697918608286,17.74608459031717,15.943747992165479,KZR
2018-12-31,22.899999618530273,23.639999389648438,21.25,23.600000381469727,23.600000381469727,110300,22.477999877929687,22.286999893188476,25.632499980926514,25.091599884033204,22.135699920654297,,47.289830348730895,-0.8948899693336081,-0.4987620327418772,-0.3961279365917309,32.843635819338786,25.632499980926514,18.421364142514243,20.162406808519947,17.660259577692205,KZR
2019-01-02,22.989999771118164,23.09000015258789,21.940000534057617,22.739999771118164,22.739999771118164,26400,22.75999984741211,22.29199981689453,25.28549995422363,25.043799896240234,22.198199920654297,,44.990147653753,-0.8970576264111685,-0.5784211514757355,-0.318636474935433,32.35060460480705,25.28549995422363,18.22039530364021,20.835807710870657,19.581433036569283,KZR
2019-01-03,22.149999618530273,23.530000686645508,21.010000228881836,23.139999389648438,23.139999389648438,74600,22.911999893188476,22.33199977874756,24.95999994277954,24.996599884033202,22.265599918365478,,46.29822758284188,-0.8566242528266592,-0.6340617717459203,-0.22256248108073895,31.786621784105396,24.95999994277954,18.133378101453683,21.74687729777125,20.915030605720645,KZR
2019-01-04,23.0,24.600000381469727,22.719999313354492,22.850000381469727,22.850000381469727,82400,23.002000045776366,22.586999893188477,24.670499992370605,24.938399887084962,22.327099914550782,,45.454328208247624,-0.8383174080459064,-0.6749128990059174,-0.16340450903998893,31.33754321431499,24.670499992370605,18.00345677042622,22.398388679456616,21.660357896032867,KZR
2019-01-07,22.510000228881836,23.700000762939453,21.81999969482422,23.09000015258789,23.09000015258789,58000,23.084000015258788,22.657999992370605,24.414999961853027,24.90679988861084,22.396899909973143,,46.32626917309234,-0.7952756828658529,-0.6989854557779045,-0.09629022708794843,30.910880585118647,24.414999961853027,17.919119338587407,27.610690661298907,23.918652212842286,KZR
2019-01-08,22.75,23.329999923706055,22.329999923706055,22.780000686645508,22.780000686645508,87400,22.920000076293945,22.698999977111818,24.161499977111816,24.894799919128417,22.457699909210206,,45.318554375023346,-0.7772198648898083,-0.7146323376002852,-0.0625875272895231,30.495078353677073,24.161499977111816,17.82792160054656,41.83925564979061,30.616111663515408,KZR
2019-01-09,22.540000915527344,23.420000076293945,22.540000915527344,22.860000610351562,22.860000610351562,50800,22.944000244140625,22.852000045776368,23.96800003051758,24.867199935913085,22.520799922943116,,45.64713809108258,-0.7478346020216016,-0.7212727904845485,-0.02656181153705306,30.21169991535295,23.96800003051758,17.72430014568221,55.02811117125092,41.49268582744684,KZR
2019-01-10,23.0,23.5,22.450000762939453,23.100000381469727,23.100000381469727,56400,22.936000442504884,22.92400016784668,23.78050003051758,24.82759994506836,22.584799919128418,,46.682241808024216,-0.6971443476394015,-0.7164471019155191,0.019302754276117606,29.89054607989111,23.78050003051758,17.67045398114405,65.39416250173998,54.0871764409272,KZR
2019-01-11,23.100000381469727,23.920000076293945,22.739999771118164,23.510000228881836,23.510000228881836,32000,23.068000411987306,23.035000228881835,23.49100008010864,24.815599937438964,22.651899929046632,,48.48706754741818,-0.6167785554080574,-0.6965133926140268,0.07973483720596941,29.051493005259267,23.49100008010864,17.930507154958015,69.05073191956534,63.157668530852106,KZR
2019-01-14,23.5,23.989999771118164,22.889999389648438,23.200000762939453,23.200000762939453,64200,23.090000534057616,23.0870002746582,23.00600004196167,24.770799942016602,22.718899936676024,,47.18647032730553,-0.5715143900551674,-0.6715135921022549,0.09999920204708757,26.511603542338808,23.00600004196167,19.500396541584532,69.84127052778635,68.09538831636392,KZR
2019-01-15,23.59000015258789,24.170000076293945,23.15999984741211,23.75,23.75,64500,23.284000396728516,23.10200023651123,22.694500064849855,24.751199951171873,22.78789993286133,,49.761258348323445,-0.4856634451265016,-0.6343435627071042,0.14868011758060262,24.20595642890407,22.694500064849855,21.18304370079564,74.75434415605952,71.21544886780377,KZR
2019-01-16,24.06999969482422,24.15999984741211,21.190000534057617,22.3799991607666,22.3799991607666,79600,23.188000106811522,23.066000175476074,22.678999996185304,24.718799934387206,22.84899991989136,,44.0061548469278,-0.5221544988662359,-0.6119057499389305,0.08975125107269466,24.19666842061258,22.678999996185304,21.16133157175803,66.2131415316169,70.26958540515427,KZR
2019-01-17,22.3799991607666,22.489999771118164,20.860000610351562,21.260000228881836,21.260000228881836,44300,22.820000076293944,22.878000259399414,22.605000019073486,24.644799957275392,22.89459991455078,,39.939427311506016,-0.6341385213042265,-0.6163523042119897,-0.017786217092236822,24.243102986980798,22.605000019073486,20.966897051166175,47.02687546992622,62.66478705253423,KZR
2019-01-18,21.43000030517578,21.920000076293945,20.280000686645508,20.56999969482422,20.56999969482422,25600,22.231999969482423,22.650000190734865,22.61850004196167,24.584599952697754,22.92729991912842,,37.63211300132436,-0.7696914188507904,-0.6470201271397499,-0.12267129171104052,24.183201890211905,22.61850004196167,21.053798193711437,22.355984207459134,45.19866706966744,KZR
2019-01-22,20.3799991607666,21.989999771118164,19.809999465942383,19.809999465942383,19.809999465942383,46200,21.55399971008301,22.322000122070314,22.49000005722046,24.520999946594237,22.95339990615845,,35.2187229917735,-0.9277492181630222,-0.7031659453444044,-0.2245832728186179,24.477058549725815,22.49000005722046,20.502941564715105,5.802706032977817,25.06185523678774,KZR
2019-01-23,19.399999618530273,20.399999618530273,18.969999313354492,19.799999237060547,19.799999237060547,21900,20.76399955749512,22.023999977111817,22.361499977111816,24.45699993133545,22.97989990234375,,35.186746639428506,-1.0418087747069045,-0.7708945112169043,-0.27091426349000014,24.66946299464801,22.361499977111816,20.05353695957562,7.151795826946013,11.770162022461006,KZR
2019-01-24,19.760000228881836,22.290000915527344,18.5,19.06999969482422,19.06999969482422,35000,20.10199966430664,21.64499988555908,22.248499965667726,24.358399925231932,22.998799896240236,,32.84257278292336,-1.177532792180859,-0.8522221674096953,-0.3253106247711637,24.937294050307454,22.248499965667726,19.559705881028,8.02890123677657,6.994467698900151,KZR
2019-01-25,19.25,19.510000228881836,18.899999618530273,19.239999771118164,19.239999771118164,100200,19.697999572753908,21.258999824523926,22.091499996185302,24.251599922180176,23.01569990158081,,33.946193303971086,-1.2568888363414956,-0.9331555011960553,-0.32373333514544034,25.081110998369795,22.091499996185302,19.10188899400081,12.379281960826733,9.18665967484979,KZR
2019-01-28,19.239999771118164,19.25,18.200000762939453,18.729999542236328,18.729999542236328,39600,19.32999954223633,20.780999755859376,21.907999992370605,24.10239990234375,23.030299892425536,,32.23477452883646,-1.3454226346534632,-1.0156089278875369,-0.32981370676592636,25.23124954601008,21.907999992370605,18.58475043873113,10.424367132278713,10.277516776627357,KZR
2019-01-29,18.649999618530273,19.059999465942383,17.290000915527344,17.479999542236328,17.479999542236328,26800,18.863999557495116,20.208999633789062,21.647999954223632,23.952199897766114,23.034699878692628,,28.448986168187744,-1.4991693696881576,-1.112321016247661,-0.3868483534404965,25.46583025651618,21.647999954223632,17.830169651931083,8.230150990735124,10.344600027946875,KZR
2019-01-30,17.360000610351562,17.889999389648438,16.8700008392334,17.209999084472656,17.209999084472656,39800,18.34599952697754,19.554999542236327,21.32849988937378,23.78179988861084,23.036799869537354,,27.69244567521485,-1.62408016021001,-1.214672845040131,-0.40940731516987894,25.49318670373746,21.32849988937378,17.1638130750101,5.432273831859592,8.028930651624496,KZR
2019-01-31,17.18000030517578,18.290000915527344,17.149999618530273,17.90999984741211,17.90999984741211,13700,18.113999557495116,19.10799961090088,21.086999893188477,23.64239990234375,23.03289987564087,,32.69006584764718,-1.6475961869631846,-1.3012575134247417,-0.34633867353844283,25.451640702378917,21.086999893188477,16.722359083998036,7.221894074518033,6.9614396323709355,KZR
2019-02-01,18.079999923706055,18.56999969482422,17.360000610351562,17.739999771118164,17.739999771118164,21100,17.813999557495116,18.75599956512451,20.816999912261963,23.479199905395507,23.02269987106323,,32.10963533727223,-1.660805659172592,-1.3731671425743117,-0.2876385165982802,25.306544433857006,20.816999912261963,16.32745539066692,10.27395625778511,7.642708054720931,KZR
2019-02-04,17.979999542236328,18.600000381469727,17.979999542236328,18.139999389648438,18.139999389648438,20600,17.695999526977538,18.512999534606934,20.5814998626709,23.36619987487793,23.019999866485595,,35.032609684052055,-1.6203195990644694,-1.4225976338723432,-0.19772196519212626,25.113697684479792,20.5814998626709,16.049302040862006,14.520533437566934,10.672127923290043,KZR
2019-02-05,17.93000030517578,18.5,17.920000076293945,18.389999389648438,18.389999389648438,6300,17.87799949645996,18.37099952697754,20.346499824523924,23.244799880981446,23.01139986038208,,36.86227193349327,-1.5501915508422712,-1.4481164172663288,-0.10207513357594244,24.821087755053625,20.346499824523924,15.871911893994223,16.72183337660438,13.838774357318826,KZR
2019-02-06,18.200000762939453,18.5,18.200000762939453,18.329999923706055,18.329999923706055,3100,18.10199966430664,18.22399959564209,20.123999786376952,23.110999870300294,22.98809986114502,,36.59589297658457,-1.4823682049217943,-1.454966774797422,-0.02740143012437235,24.534530498315227,20.123999786376952,15.71346907443868,21.408780543501233,17.550382452557532,KZR
2019-02-07,18.25,19.899999618530273,17.649999618530273,18.600000381469727,18.600000381469727,20600,18.239999771118164,18.176999664306642,19.91099977493286,22.96799987792969,22.97609987258911,,38.74119353340962,-1.3907986728272057,-1.4421331544033786,0.05133448157617293,24.18167652188099,19.91099977493286,15.640323027984731,26.249303229566966,21.459972383224212,KZR
2019-02-08,18.59000015258789,19.040000915527344,17.959999084472656,18.700000762939453,18.700000762939453,21300,18.431999969482423,18.12299976348877,19.69099979400635,22.85739990234375,22.958199882507323,,39.556910044113046,-1.2952293659939471,-1.4127523967214923,0.11752303072754522,23.728875306971542,19.69099979400635,15.653124281041155,30.553760794080677,26.07061485571631,KZR
2019-02-11,18.940000534057617,19.1200008392334,18.649999618530273,18.809999465942383,18.809999465942383,21600,18.56599998474121,18.130999755859374,19.455999755859374,22.75419990539551,22.947899875640868,,40.49553238472219,-1.1968178545204324,-1.3695654882812804,0.172747633760848,23.105906335181903,19.455999755859374,15.806093176536843,33.82532604693325,30.20946335686031,KZR
2019-02-12,19.0,19.309999465942383,18.809999465942383,19.209999084472656,19.209999084472656,26900,18.729999923706053,18.30399971008301,19.256499671936034,22.63199989318848,22.93969985961914,,43.90676556831151,-1.0741670670784202,-1.3104858040407084,0.2363187369622881,22.47693620472184,19.256499671936034,16.036063139150226,37.57685553288872,33.985314124634236,KZR
2019-02-13,19.239999771118164,19.809999465942383,18.8799991607666,19.450000762939453,19.450000762939453,93600,18.954000091552736,18.527999877929688,19.04149971008301,22.489999923706055,22.940799865722656,,45.910384440733736,-0.9466864921156386,-1.2377259416556945,0.2910394495400559,21.522525913510787,19.04149971008301,16.56047350665523,54.70509249357502,42.035758024465686,KZR
2019-02-14,19.5,20.940000534057617,19.350000381469727,20.309999465942383,20.309999465942383,52500,19.295999908447264,18.767999839782714,18.937999725341797,22.302599906921387,22.943599853515625,,52.46286624930148,-0.7674162135762934,-1.1436639960398143,0.37624778246352086,20.988693423681497,18.937999725341797,16.887306027002097,70.94760083502406,54.40984962049595,KZR
2019-02-15,20.329999923706055,22.020000457763672,20.200000762939453,21.959999084472656,21.959999084472656,61700,19.947999572753908,19.189999771118163,18.97299966812134,22.148799896240234,22.966799850463868,,61.97944966972466,-0.48659290653506204,-1.0122497781388637,0.5256568716038017,21.19754533365866,18.97299966812134,16.74845400258402,89.50144281943524,71.71804538267811,KZR
2019-02-19,21.969999313354492,22.18000030517578,20.719999313354492,21.530000686645508,21.530000686645508,32200,20.49199981689453,19.528999900817873,19.020999717712403,22.006599922180175,22.9779998588562,,58.68241350594743,-0.29533129421791315,-0.8688660813546736,0.5735347871367604,21.41619416153256,19.020999717712403,16.625805273892247,90.37157771989267,83.60687379145067,KZR
2019-02-20,21.510000228881836,21.780000686645508,20.899999618530273,21.110000610351562,21.110000610351562,29500,20.87200012207031,19.801000022888182,19.085999774932862,21.86479991912842,22.984299869537352,,55.572806269501065,-0.17562113345478636,-0.7302170917746962,0.5545959583199098,21.629292369051818,19.085999774932862,16.542707180813906,88.44050640296625,89.43784231409808,KZR
2019-02-21,21.110000610351562,22.5,20.020000457763672,20.729999542236328,20.729999542236328,44900,21.12799987792969,20.040999984741212,19.132499790191652,21.72239990234375,22.992399864196777,,52.844354389580005,-0.11014321654181813,-0.6062023167281205,0.4960591001863024,21.758956759993193,19.132499790191652,16.50604282039011,77.35026128145303,85.38744846810401,KZR
2019-02-22,20.799999237060547,21.059999465942383,19.760000228881836,20.290000915527344,20.290000915527344,59900,21.12400016784668,20.210000038146973,19.193499851226807,21.59359992980957,22.98879987716675,,49.79577404359914,-0.09268726648659964,-0.5034993066798163,0.4108120401932167,21.867555329910928,19.193499851226807,16.519444372542686,66.24161488568026,77.34412752336654,KZR
2019-02-25,20.190000534057617,20.56999969482422,19.6299991607666,20.31999969482422,20.31999969482422,120400,20.796000289916993,20.37199993133545,19.247499847412108,21.46299991607666,22.97789987564087,,50.00753240516076,-0.07556162218049067,-0.4179117697799512,0.34235014759946053,21.96637399597873,19.247499847412108,16.528625698845484,58.34958170867689,67.31381929193675,KZR
2019-02-26,20.280000686645508,20.579999923706055,19.770000457763672,20.09000015258789,20.09000015258789,80000,20.50800018310547,20.5,19.31549987792969,21.27879993438721,22.96699987411499,,48.32456270400273,-0.07963053531358355,-0.35025552288667766,0.2706249875730941,22.04719910346945,19.31549987792969,16.58380065238993,53.26461373047086,59.28527010827602,KZR
2019-02-27,20.010000228881836,20.540000915527344,20.010000228881836,20.360000610351562,20.360000610351562,77300,20.358000183105467,20.61500015258789,19.45949993133545,21.02799991607666,22.9650998878479,,50.43344257312072,-0.06037246167529986,-0.2922789106444021,0.23190644896910223,22.090777312538535,19.45949993133545,16.828222550132367,53.745711251560174,55.11996889690266,KZR
2019-02-28,20.31999969482422,20.56999969482422,19.75,20.350000381469727,20.350000381469727,105600,20.28200035095215,20.705000114440917,19.616499996185304,20.83539993286133,22.966499900817873,,50.35148104382979,-0.04539396113815641,-0.24290192074315295,0.19750795960499654,22.060180002591686,19.616499996185304,17.172819989778922,52.94292662610684,53.317750536045985,KZR
2019-03-01,20.510000228881836,21.149999618530273,20.0,20.290000915527344,20.290000915527344,131000,20.28200035095215,20.703000259399413,19.735500049591064,20.787399940490722,22.963399906158447,,49.828255128282265,-0.03792764077952171,-0.2019070647504267,0.16397942397090498,22.06428086130063,19.735500049591064,17.406719237881497,50.372308846088885,52.353648907918654,KZR
2019-03-04,20.280000686645508,20.440000534057617,19.43000030517578,20.25,20.25,110700,20.268000411987305,20.53200035095215,19.861000061035156,20.73759994506836,22.956899909973146,,49.45925054668477,-0.034836691984715173,-0.1684929901972844,0.13365629821256922,22.0096640238301,19.861000061035156,17.71233609824021,44.75500696412836,49.356747478774714,KZR
2019-03-05,20.239999771118164,20.299999237060547,19.200000762939453,19.399999618530273,19.399999618530273,92100,20.13000030517578,20.319000244140625,19.92400007247925,20.719599952697752,22.933499908447267,,42.292062251144465,-0.09982430735406567,-0.15475925362864065,0.054934946274574986,21.9367137726018,19.92400007247925,17.9112863723567,31.995493777704112,42.374269862640475,KZR
2019-03-06,19.420000076293945,19.790000915527344,17.799999237060547,18.510000228881836,18.510000228881836,143500,19.760000228881836,20.05900020599365,19.93000011444092,20.64219997406006,22.890299911499024,,36.35207208998206,-0.2206000335857219,-0.1679274096200569,-0.052672623965664994,21.925023906078643,19.93000011444092,17.934976322803195,22.831816965758808,33.194105902530445,KZR
2019-03-07,18.5,19.239999771118164,18.010000228881836,18.5,18.5,92800,19.39000015258789,19.83600025177002,19.938500118255615,20.56479995727539,22.842699909210204,,36.2903950570065,-0.31350866887932227,-0.19704366147190996,-0.11646500740741231,21.90746199506561,19.938500118255615,17.96953824144562,14.788227554898318,23.2051794327871,KZR
2019-03-08,18.399999618530273,18.75,17.75,18.049999237060547,18.049999237060547,159300,18.94199981689453,19.61200008392334,19.911000061035157,20.49919994354248,22.804199905395507,,33.53325981363092,-0.41862508310304847,-0.24135994579813766,-0.1772651373049108,21.967394154180283,19.911000061035157,17.85460596789003,12.10526862576817,16.575104382141784,KZR
2019-03-11,18.229999542236328,19.25,17.950000762939453,18.350000381469727,18.350000381469727,106100,18.561999893188478,19.41500015258789,19.89350004196167,20.418599967956542,22.763999900817872,,36.97121081447002,-0.4722788766519237,-0.2875437319688949,-0.18473514468302882,21.996253428256658,19.89350004196167,17.79074665566668,11.280330408831864,12.724608863166138,KZR
2019-03-12,18.40999984741211,18.5,17.559999465942383,17.799999237060547,17.799999237060547,476300,18.24199981689453,19.186000061035156,19.84300003051758,20.326599960327147,22.707199897766113,,33.54546966163144,-0.5528079642952015,-0.3405965784341562,-0.21221138586104532,22.090915781458673,19.84300003051758,17.595084279576486,7.9352182755976015,10.440272436732565,KZR
2019-03-13,18.0,18.260000228881836,17.850000381469727,17.8799991607666,17.8799991607666,127700,18.115999603271483,18.93799991607666,19.776500034332276,20.230599937438964,22.658899898529054,,34.49622303727613,-0.6032189881725571,-0.39312106038183636,-0.21009792779072078,22.169400506301017,19.776500034332276,17.383599562363536,8.801173853493866,9.338907512641129,KZR
2019-03-14,18.479999542236328,18.479999542236328,17.65999984741211,17.969999313354492,17.969999313354492,103400,18.009999465942382,18.699999809265137,19.70249996185303,20.11799991607666,22.604799900054932,,35.612275768631974,-0.6286610147854361,-0.4402290512625563,-0.18843196352287983,22.219529409828382,19.70249996185303,17.185470513877675,8.397514219922039,8.377968783004519,KZR
2019-03-15,18.139999389648438,18.479999542236328,17.899999618530273,18.190000534057617,18.190000534057617,980300,18.0379997253418,18.489999771118164,19.59650001525879,20.02699993133545,22.535399913787842,,38.37624411492555,-0.6238800435025667,-0.47695924971055836,-0.1469207937920083,22.179949852508496,19.59650001525879,17.013050178009085,12.627674582605954,9.942120885340636,KZR
2019-03-18,18.200000762939453,18.780000686645508,18.200000762939453,18.579999923706055,18.579999923706055,167700,18.083999633789062,18.32299976348877,19.42750005722046,19.9357999420166,22.4661999130249,,43.04384956564017,-0.5819134617733468,-0.49795009212311603,-0.08396336965023077,21.804346294466,19.42750005722046,17.05065381997492,19.12721713773045,13.384135313419497,KZR
2019-03-19,18.670000076293945,19.5,18.670000076293945,19.190000534057617,19.190000534057617,117900,18.361999893188475,18.301999855041505,19.310500049591063,19.86259994506836,22.40049991607666,,49.488340754369155,-0.4937411514814052,-0.49710830399477385,0.0033671525133686653,21.483475303412774,19.310500049591063,17.13752479576935,30.45499029324294,20.736627337859797,KZR
2019-03-20,19.190000534057617,19.190000534057617,17.899999618530273,18.350000381469727,18.350000381469727,114100,18.456000137329102,18.285999870300294,19.17250003814697,19.767799949645998,22.33729991912842,,42.37755377891486,-0.4860421609863934,-0.49489507539309774,0.008852914406704326,21.217620305990422,19.17250003814697,17.12737977030352,31.940596984157903,27.174268138377112,KZR
2019-03-21,18.239999771118164,18.299999237060547,17.229999542236328,18.06999969482422,18.06999969482422,65400,18.476000213623045,18.242999839782716,19.039500045776368,19.67359992980957,22.284199924468993,,40.29894450121023,-0.49680748348212234,-0.49527755701090265,-0.0015299264712196892,21.00665570266247,19.039500045776368,17.072344388890265,31.19258136959085,31.196056215663912,KZR
2019-03-22,17.90999984741211,18.100000381469727,16.780000686645508,16.829999923706055,16.829999923706055,65000,18.204000091552736,18.120999908447267,18.866499996185304,19.55299991607666,22.21009992599487,,32.65904492632063,-0.5984975898744445,-0.515921563583611,-0.08257602629083349,20.967360054023782,18.866499996185304,16.765639938346826,16.531416673544353,26.554865009097714,KZR
2019-03-25,16.889999389648438,17.920000076293945,16.700000762939453,17.729999542236328,17.729999542236328,41300,18.03400001525879,18.058999824523926,18.736999988555908,19.44559989929199,22.136599922180174,,41.349998148752384,-0.5995539989329721,-0.5326480506534832,-0.06690594827948892,20.782073668474006,18.736999988555908,16.69192630863781,20.30731553516495,22.677104526100063,KZR
2019-03-26,17.8799991607666,18.809999465942383,16.899999618530273,17.239999771118164,17.239999771118164,83400,17.6439998626709,18.00299987792969,18.59449996948242,19.32019989013672,22.06789991378784,,38.44113943165248,-0.6326374464733462,-0.5526459298174557,-0.07999151665589044,20.6397826824534,18.59449996948242,16.54921725651144,18.01313658559667,18.283956264768666,KZR
2019-03-27,17.059999465942383,17.75,16.549999237060547,17.149999618530273,17.149999618530273,101600,17.403999710083006,17.929999923706056,18.433999919891356,19.199199867248534,21.98499990463257,,37.9135768985661,-0.6585274822573091,-0.5738222403054264,-0.08470524195188267,20.402262621489204,18.433999919891356,16.46573721829351,24.31932234089342,20.87992482055169,KZR
2019-03-28,17.110000610351562,17.649999618530273,16.8799991607666,17.25,17.25,88100,17.239999771118164,17.857999992370605,18.278999900817873,19.069199867248535,21.910199909210206,,38.916675109091386,-0.6633298732271307,-0.5917237668897672,-0.07160610633736342,20.102216192747136,18.278999900817873,16.45578360888861,21.117836041727216,21.15009832273911,KZR
2019-03-29,17.309999465942383,17.940000534057617,17.309999465942383,17.739999771118164,17.739999771118164,60400,17.421999740600587,17.81299991607666,18.151499843597414,18.976399879455567,21.84759990692139,,43.71529259361453,-0.6204448146302184,-0.5974679764378574,-0.02297683819236096,19.735283856814604,18.151499843597414,16.567715830380223,28.135604909535715,24.524254430718795,KZR
2019-04-01,17.739999771118164,18.829999923706055,17.559999465942383,18.15999984741211,18.15999984741211,90200,17.50799980163574,17.770999908447266,18.046999835968016,18.914399871826173,21.779599914550783,,47.52085125503089,-0.5462705339780776,-0.5872284879459014,0.04095795396782387,19.305556415098774,18.046999835968016,16.788443256837258,39.54803392277939,29.600491624680785,KZR
2019-04-02,18.190000534057617,20.0,18.0,19.6200008392334,19.6200008392334,128400,17.98400001525879,17.813999938964844,18.057999897003175,18.895399894714355,21.739999923706055,,58.12101590141234,-0.36546416051298536,-0.5428756224593182,0.17741146194633284,19.366520208818716,18.057999897003175,16.749479585187633,61.30026749707965,42.99463544313159,KZR
2019-04-03,19.719999313354492,20.450000762939453,19.399999618530273,20.1200008392334,20.1200008392334,39600,18.578000259399413,17.99099998474121,18.13849992752075,18.901599922180175,21.711299934387206,,61.02449756991115,-0.17975587178092667,-0.4702516723236399,0.29049580054271323,19.71831418999874,18.13849992752075,16.558685665042763,78.36675952488535,59.73835364824814,KZR
2019-04-04,20.18000030517578,20.5,19.5,20.25,20.25,60700,19.178000259399415,18.209000015258788,18.225999927520753,18.910599937438963,21.683799934387206,,61.76669596089861,-0.02183912138233879,-0.38056916213537967,0.3587300407530409,20.05103092853526,18.225999927520753,16.40096892650625,91.39829603715161,77.0217743530389,KZR
2019-04-05,20.0,22.25,20.0,21.899999618530273,21.899999618530273,149700,20.010000228881836,18.71599998474121,18.41849994659424,18.967199935913087,21.66279993057251,,69.66307262771345,0.23375760842959536,-0.25770380802238463,0.49146141645198,20.842540503719903,18.41849994659424,15.994459389468574,93.0229991186497,87.59601822689558,KZR
2019-04-08,21.899999618530273,22.34000015258789,20.950000762939453,21.850000381469727,21.850000381469727,75300,20.74800033569336,19.12800006866455,18.59349994659424,19.019399948120117,21.635499935150147,20.427599921226502,69.19669725480487,0.4273590090759427,-0.12069124460271916,0.5480502536786619,21.440880011042204,18.59349994659424,15.746119882146274,93.02255627659319,92.48128381079819,KZR
2019-04-09,21.84000015258789,21.84000015258789,20.09000015258789,20.239999771118164,20.239999771118164,58700,20.87200012207031,19.428000068664552,18.71549997329712,19.049599952697754,21.57599992752075,20.440049920082092,56.15902914859602,0.4457377328696701,-0.0074054491082412854,0.45314318197791137,21.624847127656487,18.71549997329712,15.806152818937754,83.04245020871029,89.69600186798442,KZR
2019-04-10,20.31999969482422,20.700000762939453,19.579999923706055,20.09000015258789,20.09000015258789,80600,20.86599998474121,19.722000122070312,18.826000022888184,19.101799964904785,21.52699993133545,20.451549916267396,55.117072866252684,0.44309160407464887,0.08269396152833675,0.3603976425463121,21.767716808672784,18.826000022888184,15.884283237103585,72.13586996386475,82.73362548305612,KZR
2019-04-11,20.1299991607666,20.450000762939453,19.600000381469727,19.940000534057617,19.940000534057617,42700,20.804000091552734,19.991000175476074,18.92450008392334,19.156399993896486,21.469099941253663,20.465499920845033,54.03735893641789,0.4240031677391052,0.15095580277049042,0.27304736496861476,21.87687888490798,18.92450008392334,15.972121282938703,61.139902517699845,72.10607423009166,KZR
2019-04-12,20.399999618530273,21.0,20.059999465942383,20.149999618530273,20.149999618530273,32900,20.454000091552736,20.232000160217286,19.022500038146973,19.201199989318848,21.4217999458313,20.47769992351532,55.35591445578238,0.42096795891290384,0.20495823399897312,0.21600972491393072,22.000854705493737,19.022500038146973,16.04414537080021,60.621767006146165,64.63251316257028,KZR
2019-04-15,20.139999389648438,20.940000534057617,19.639999389648438,20.09000015258789,20.09000015258789,38400,20.102000045776368,20.425000190734863,19.098000049591064,19.24819999694824,21.363699951171874,20.49199992656708,54.8715687113265,0.40900630845921526,0.24576784889102155,0.16323845956819372,22.10408480325392,19.098000049591064,16.09191529592821,60.621767006146165,60.79447884333075,KZR
2019-04-16,20.15999984741211,20.65999984741211,19.799999237060547,20.469999313354492,20.469999313354492,22000,20.147999954223632,20.510000038146973,19.16199998855591,19.294799995422363,21.330499935150147,20.50834991931915,57.413055611285365,0.4252869278121061,0.28167166467523846,0.14361526313686762,22.22711746682311,19.16199998855591,16.096882510288708,63.02232389318946,61.421952635160615,KZR
2019-04-17,20.540000915527344,20.579999923706055,19.670000076293945,20.0,20.0,26100,20.129999923706055,20.497999954223634,19.244499969482423,19.327000007629394,21.28589994430542,20.52184992313385,53.40684454091872,0.395703001421424,0.3044779320244756,0.09122506939694841,22.306574478638268,19.244499969482423,16.182425460326577,60.12331256166135,61.25580115366568,KZR
2019-04-18,19.829999923706055,19.829999923706055,19.010000228881836,19.229999542236328,19.229999542236328,25200,19.987999725341798,20.395999908447266,19.302499961853027,19.345,21.227999935150148,20.53169991970062,47.55253978930781,0.30659073765929534,0.3049004931514395,0.0016902445078558204,22.31696445436345,19.302499961853027,16.288035469342603,51.389090079464275,58.178242178105045,KZR
2019-04-22,19.100000381469727,20.09000015258789,18.899999618530273,19.040000915527344,19.040000915527344,24200,19.76599998474121,20.11000003814697,19.41300001144409,19.35380001068115,21.16089994430542,20.540849928855895,46.206597138577266,0.218122939844271,0.2875449824900058,-0.06942204264573482,22.2110859634664,19.41300001144409,16.614914059421782,37.45983917659059,49.65741393923876,KZR
2019-04-23,19.5,19.950000762939453,19.049999237060547,19.760000228881836,19.760000228881836,22800,19.7,19.901000022888184,19.514500045776366,19.375,21.116199951171875,20.553399930000307,51.77684777801922,0.20376067379132934,0.27078812075027053,-0.0670274469589412,22.206276351738012,19.514500045776366,16.82272373981472,27.96680094193212,38.93857673266235,KZR
2019-04-24,19.549999237060547,20.0,19.239999771118164,20.0,20.0,20800,19.6060001373291,19.877000045776366,19.652500057220458,19.398800010681153,21.07649995803833,20.567399926185608,53.50512817075194,0.20933140806934603,0.2584967782140856,-0.049165370144739595,22.13885389566107,19.652500057220458,17.166146218779843,26.979972688534065,30.802204269018947,KZR
2019-04-25,19.8799991607666,20.329999923706055,19.360000610351562,19.600000381469727,19.600000381469727,25500,19.526000213623046,19.82800006866455,19.77500009536743,19.406600036621093,21.019299964904786,20.579349932670592,50.27133346678261,0.17940159888225082,0.24267774234771866,-0.06327614346546784,21.981803196372592,19.77500009536743,17.56819699436227,25.775206800362213,26.907326810276157,KZR
2019-04-26,19.59000015258789,20.959999084472656,19.59000015258789,20.0,20.0,61200,19.68000030517578,19.834000015258788,19.91250009536743,19.417600021362304,20.95379997253418,20.592149930000303,53.31027954212932,0.18581665699298355,0.23130552527677165,-0.04548886828378809,21.791157813447516,19.91250009536743,18.033842377287346,28.100785616819305,26.951988368571886,KZR
2019-04-29,19.350000381469727,20.459999084472656,19.040000915527344,19.799999237060547,19.799999237060547,87500,19.83199996948242,19.798999977111816,20.01550006866455,19.407400016784667,20.85499996185303,20.605499930381775,51.61194529682345,0.17277065411598969,0.21959855104461526,-0.04682789692862557,21.61096194553794,20.01550006866455,18.42003819179116,27.6459443005207,27.173978905900764,KZR
2019-04-30,19.950000762939453,20.020000457763672,18.520000457763672,18.8700008392334,18.8700008392334,55100,19.654000091552735,19.677000045776367,20.051000118255615,19.345600051879885,20.74719997406006,20.61734993457794,44.511019420281535,0.0863926240681323,0.19295736564931867,-0.10656474158118637,21.505068572347234,20.051000118255615,18.596931664163996,25.567299295192132,27.1046764041774,KZR
2019-05-01,18.950000762939453,19.290000915527344,18.149999618530273,18.950000762939453,18.950000762939453,63100,19.444000244140625,19.525000190734865,20.017500114440917,19.29400005340576,20.65029998779297,20.633099937438963,45.209353491955476,0.02411475826852083,0.1591888441731591,-0.13507408590463826,21.53904995211954,20.017500114440917,18.495950276762294,24.26511980359867,25.826121133103854,KZR
2019-05-02,19.0,19.530000686645508,18.110000610351562,18.989999771118164,18.989999771118164,45700,19.322000122070314,19.42400016784668,19.961000061035158,19.251600036621095,20.558199977874757,20.647299938201904,45.57813930447754,-0.021762449420833718,0.12299858545436053,-0.14476103487519426,21.54573820842395,19.961000061035158,18.376261913646367,24.210979143334782,24.681132747375216,KZR
2019-05-03,19.56999969482422,19.56999969482422,18.700000762939453,19.290000915527344,19.290000915527344,144000,19.18000030517578,19.43000030517578,19.913000106811523,19.222800064086915,20.472599983215332,20.664149942398073,48.384272033055645,-0.03352641031380088,0.09169358630072824,-0.12521999661452912,21.517843647807865,19.913000106811523,18.30815656581518,33.3078526215027,27.261317189478735,KZR
2019-05-06,18.81999969482422,21.600000381469727,18.81999969482422,21.010000228881836,21.010000228881836,32100,19.42200050354004,19.62700023651123,19.8685001373291,19.237200050354005,20.415399990081788,20.68589994430542,60.848671771165364,0.09484680099564358,0.09232422923971131,0.0025225717559322625,21.28929225568859,19.8685001373291,18.44770801896961,51.649298807152434,36.38937685732999,KZR
2019-05-07,20.809999465942383,21.06999969482422,19.959999084472656,20.270000457763672,20.270000457763672,73600,19.702000427246094,19.678000259399415,19.789500141143797,19.236200065612792,20.349599990844727,20.704749946594237,54.725619163259644,0.13531190730563125,0.10092176485289531,0.034390142452735945,20.90334847191387,19.789500141143797,18.675651810373726,62.129736401849804,49.02896261016833,KZR
2019-05-08,19.739999771118164,20.280000686645508,19.670000076293945,19.8700008392334,19.8700008392334,44100,19.886000442504884,19.665000343322752,19.77100019454956,19.231800079345703,20.255300006866456,20.723449954986574,51.697327796294054,0.13356452065941227,0.1074503160141987,0.026114204645213565,20.866443119133084,19.77100019454956,18.67555726996604,65.13849228361751,59.63917583087326,KZR
2019-05-09,19.850000381469727,20.34000015258789,19.5,19.920000076293945,19.920000076293945,62700,20.07200050354004,19.697000312805176,19.762500190734862,19.22300006866455,20.125499992370607,20.74279995918274,52.0544719656005,0.1346619258655295,0.11289263798446486,0.021769287881064636,20.850523259914695,19.762500190734862,18.67447712155503,54.72779291329764,60.66534053292167,KZR
2019-05-10,19.850000381469727,20.84000015258789,19.770000457763672,20.649999618530273,20.649999618530273,73200,20.344000244140624,19.762000274658202,19.798000144958497,19.229000053405763,20.032199993133545,20.766049957275392,57.04791964650335,0.1922206891442677,0.12875824821642542,0.06346244092784228,20.951249027272777,19.798000144958497,18.644751262644217,58.35720251872056,59.40782923854525,KZR
2019-05-13,20.06999969482422,20.899999618530273,19.530000686645508,19.75,19.75,71500,20.092000198364257,19.757000350952147,19.778000164031983,19.218200035095215,20.00279998779297,20.78479995727539,50.11768665882305,0.16333119577170052,0.13567283772748046,0.027658358044220066,20.919955970757904,19.778000164031983,18.636044357306062,57.21106262279586,56.76535268493803,KZR
2019-05-14,19.6200008392334,20.469999313354492,19.459999084472656,20.110000610351562,20.110000610351562,73800,20.060000228881837,19.881000328063966,19.779000186920165,19.215400047302246,19.976499996185304,20.807549958229064,52.59823736990445,0.16755365055603377,0.14204900029319112,0.025504650262842654,20.922081603544452,19.779000186920165,18.635918770295877,59.02577653414513,58.1980138918872,KZR
2019-05-15,19.8700008392334,20.3799991607666,19.790000915527344,20.34000015258789,20.34000015258789,41400,20.154000091552735,20.02000026702881,19.772500228881835,19.234200057983397,19.976900005340575,20.831749958992006,54.16640981703854,0.1872999401460156,0.151099188263756,0.036200751882259574,20.901178376523077,19.772500228881835,18.643822081240593,56.06494094414678,57.433926700362605,KZR
2019-05-16,20.469999313354492,21.280000686645508,20.299999237060547,20.59000015258789,20.59000015258789,80900,20.288000106811523,20.18000030517578,19.80200023651123,19.27580005645752,19.959000015258788,20.857199959754944,55.87516612788435,0.22057922754391157,0.16499519611978714,0.055584031424124436,20.98256931752364,19.80200023651123,18.62143115549882,64.08786556379283,59.7261943473616,KZR
2019-05-17,20.3700008392334,20.8700008392334,20.170000076293945,20.389999389648438,20.389999389648438,56100,20.236000061035156,20.29000015258789,19.860000228881837,19.31360004425049,19.939200000762938,20.877599959373473,54.136319381679975,0.22818454310499448,0.17763306551682861,0.05055147758816586,21.03643509769095,19.860000228881837,18.683565360072723,66.7621616254911,62.30498937781025,KZR
2019-05-20,20.170000076293945,20.639999389648438,19.5,19.65999984741211,19.65999984741211,41200,20.21800003051758,20.155000114440917,19.891000175476073,19.34580005645752,19.9225,20.897799959182738,48.23583216512953,0.17330914830231947,0.17676828207392678,-0.003459133771607309,21.01067658834379,19.891000175476073,18.771323762608354,60.26741138889423,63.70581285939274,KZR
2019-05-21,19.600000381469727,19.989999771118164,19.290000915527344,19.56999969482422,19.56999969482422,56200,20.10999984741211,20.085000038146973,19.881500148773192,19.37020004272461,19.894400005340575,20.91454996109009,47.54775912244942,0.12116107298492551,0.16564684025612653,-0.044485767271201015,21.00866044439103,19.881500148773192,18.754339853155354,50.52528603399893,59.184953016128105,KZR
2019-05-22,19.389999389648438,19.489999771118164,17.6299991607666,18.270000457763672,18.270000457763672,83800,19.695999908447266,19.925,19.79500017166138,19.37960006713867,19.85310001373291,20.924399967193605,38.91310104232007,-0.024780076992051647,0.1275614568064909,-0.15234153379854254,21.120571428037923,19.79500017166138,18.469428915284833,34.122436804931326,48.305044742608175,KZR
2019-05-23,17.899999618530273,18.290000915527344,16.850000381469727,17.0,17.0,126300,18.977999877929687,19.632999992370607,19.66500015258789,19.36200008392334,19.79630001068115,20.927949962615966,32.67109427478594,-0.24014961759912623,0.05401924192536746,-0.2941688595244937,21.466205122650525,19.66500015258789,17.863795182525255,20.370869539630778,35.00619745952036,KZR
2019-05-24,17.1200008392334,17.350000381469727,16.1200008392334,16.889999389648438,16.889999389648438,220300,18.277999877929688,19.256999969482422,19.509500122070314,19.340400085449218,19.72920000076294,20.932449960708617,32.18945934428838,-0.4149246668481048,-0.039769539829327,-0.3751551270187778,21.669430485189427,19.509500122070314,17.3495697589512,11.400424729554528,21.96457702470555,KZR
2019-05-28,11.430000305175781,11.520000457763672,9.140000343322754,9.899999618530273,9.899999618530273,1580000,16.32599983215332,18.27199993133545,19.0145001411438,19.174600067138673,19.60079999923706,20.89949995994568,16.02392713682798,-1.104735018607041,-0.25276263558486983,-0.8519723830221713,23.719478492571163,19.0145001411438,14.309521789716435,8.11354335587857,13.2949458750213,KZR
2019-05-29,9.3100004196167,10.0600004196167,9.279999732971191,9.869999885559082,9.869999885559082,317400,14.385999870300292,17.2479998588562,18.564500093460083,19.000400066375732,19.468100004196167,20.866849961280824,15.986819499162017,-1.6349882926311778,-0.5292077669941315,-1.1057805256370463,24.73272691248725,18.564500093460083,12.396273274432913,9.065306330879688,9.526424805437605,KZR
2019-05-30,9.920000076293945,10.0,9.329999923706055,9.739999771118164,9.739999771118164,338600,12.679999732971192,16.18799982070923,18.104000043869018,18.811400051116944,19.33699999809265,20.832049956321715,15.815897012271055,-2.0421669262222313,-0.8317995988397515,-1.2103673273824798,25.366466563092445,18.104000043869018,10.841533524645591,5.738600181585699,7.639149956114661,KZR
2019-05-31,9.5600004196167,9.850000381469727,9.289999961853027,9.470000267028809,9.470000267028809,134100,11.173999786376953,15.07599983215332,17.62800006866455,18.633800048828125,19.20079999923706,20.798849954605103,15.44651847681314,-2.35944738960443,-1.137329156992687,-1.2221182326117428,25.7882272323666,17.62800006866455,9.467772904962503,4.5579320340267815,6.4539461821640645,KZR
2019-06-03,9.449999809265137,9.819999694824219,9.0,9.289999961853027,9.289999961853027,187900,9.65399990081787,13.96599988937378,17.128000020980835,18.4582000541687,19.065899991989134,20.76179995059967,15.191787557137982,-2.5954996585976176,-1.4289632573136732,-1.1665364012839443,26.012892083675204,17.128000020980835,8.243107958286467,3.340727848800037,4.545753354804181,KZR
2019-06-04,9.390000343322754,9.390000343322754,8.8100004196167,9.020000457763672,9.020000457763672,106200,9.478000068664551,12.901999950408936,16.528500032424926,18.302000064849853,18.927499990463257,20.724149956703187,14.797587767391207,-2.7724009732792094,-1.6976508005067805,-1.074750172772429,25.889998431784534,16.528500032424926,7.16700163306532,2.2546303318370495,3.384430071554631,KZR
2019-06-05,8.989999771118164,9.050000190734863,8.609999656677246,8.850000381469727,8.850000381469727,109700,9.27400016784668,11.830000019073486,15.95750002861023,18.124400081634523,18.784999990463255,20.68489995479584,14.541732423635178,-2.8929658159588403,-1.9367138035971925,-0.9562520123616478,25.720982734856435,15.95750002861023,6.194017322364028,1.979949656677636,2.5251026124382494,KZR
2019-06-06,8.829999923706055,9.180000305175781,8.619999885559082,8.949999809265137,8.949999809265137,67900,9.116000175476074,10.897999954223632,15.411499977111816,17.95860008239746,18.63939998626709,20.64564995765686,15.46762314096132,-2.946480016798704,-2.1386670462374946,-0.8078129705612094,25.45603130895715,15.411499977111816,5.366968645266484,2.1171777338126767,2.1172525741091293,KZR
2019-06-07,8.960000038146973,9.300000190734863,8.890000343322754,9.260000228881836,9.260000228881836,98400,9.07400016784668,10.123999977111817,14.878499984741211,17.800800094604494,18.499999980926514,20.60944995880127,18.418471771910763,-2.930099599176197,-2.296953556825235,-0.6331460423509618,25.040149895586595,14.878499984741211,4.716850073895829,3.3568849592218863,2.4846707832374086,KZR
2019-06-10,9.260000228881836,9.710000038146973,9.239999771118164,9.5600004196167,9.5600004196167,74700,9.128000259399414,9.391000080108643,14.324000024795533,17.647000102996827,18.35809998512268,20.572999958992003,21.28225682848347,-2.8599428510751412,-2.4095514156752165,-0.45039143539992477,24.375094194513842,14.324000024795533,4.272905855077223,5.508132161139085,3.6607316180578913,KZR
2019-06-11,9.600000381469727,9.640000343322754,9.210000038146973,9.399999618530273,9.399999618530273,71200,9.204000091552734,9.341000080108643,13.806500005722047,17.48020009994507,18.228299989700318,20.538649954795837,20.86164408795612,-2.785148393235623,-2.4846708111872977,-0.3004775820483254,23.752058299934465,13.806500005722047,3.8609417115096285,7.004059387187589,5.289692169182863,KZR
2019-06-12,9.380000114440918,9.569999694824219,9.0,9.430000305175781,9.430000305175781,75300,9.320000076293946,9.297000122070312,13.272499990463256,17.305600109100343,18.10999999046326,20.50229995250702,21.176212971641654,-2.692415946782962,-2.5262198383064307,-0.1661961084765311,22.950176967385737,13.272499990463256,3.5948230135407737,8.026698164434196,6.846296570920299,KZR
2019-06-13,9.600000381469727,9.949999809265137,9.4399995803833,9.8100004196167,9.8100004196167,87400,9.492000198364257,9.304000186920167,12.746000003814697,17.109400100708008,18.00239999771118,20.4648499584198,25.230286932579798,-2.558766118389915,-2.5327290943231278,-0.026037024066787318,21.963184588772727,12.746000003814697,3.5288154188566683,9.820697890018879,8.283818480546898,KZR
2019-06-14,9.800000190734863,9.829999923706055,8.84000015258789,8.930000305175781,8.930000305175781,95100,9.426000213623047,9.250000190734863,12.163000011444092,16.885600090026855,17.893600006103515,20.423499956130982,22.361964266005042,-2.495094425861991,-2.5252021606309003,0.030107734768909378,20.77715341047193,12.163000011444092,3.5488466124162557,11.065882505705844,9.637759520052983,KZR
2019-06-17,8.970000267028809,9.319999694824219,7.989999771118164,8.100000381469727,8.100000381469727,118800,9.134000205993653,9.131000232696532,11.548500061035156,16.64260009765625,17.776600017547608,20.378249959945677,20.047043383065137,-2.482985892286896,-2.5167589069620995,0.03377301467520333,19.45154298579597,11.548500061035156,3.6454571362743406,10.013535007278456,10.300038467667738,KZR
2019-06-18,7.940000057220459,8.270000457763672,7.789999961853027,7.860000133514404,7.860000133514404,103100,8.826000308990478,9.015000200271606,10.958500075340272,16.361800107955933,17.664500021934508,20.331649959087372,19.42098368377148,-2.4643483328579805,-2.506276792141276,0.04192845928329536,18.073794034434123,10.958500075340272,3.843206116246419,6.492682947246227,9.190700153410187,KZR
2019-06-19,7.940000057220459,8.220000267028809,7.699999809265137,8.15999984741211,8.15999984741211,115500,8.572000217437743,8.946000146865845,10.388000082969665,16.08800009727478,17.55370002269745,20.28469996213913,22.67183391804585,-2.3977309135886937,-2.4845676164307595,0.0868367028420658,16.39301987685932,10.388000082969665,4.382980289080009,9.641970716589661,8.71606289037146,KZR
2019-06-20,8.350000381469727,8.350000381469727,7.920000076293945,8.140000343322754,8.140000343322754,71200,8.238000202178956,8.865000200271606,9.881500077247619,15.846000108718872,17.44780003070831,20.239049961566923,22.606356936408392,-2.3198086120533485,-2.4516158155552774,0.13180720350192887,14.741500929722934,9.881500077247619,5.021499224772304,14.38915131953492,10.174601661123615,KZR
2019-06-21,8.0600004196167,8.25,7.840000152587891,8.010000228881836,8.010000228881836,215600,8.054000186920167,8.740000200271606,9.432000088691712,15.60440011024475,17.35310003757477,20.1938999581337,22.158386530305187,-2.2426921899277428,-2.4098310904297704,0.16713890050202762,13.089499430271294,9.432000088691712,5.77450074711213,17.92594061957469,13.985687551899767,KZR
2019-06-24,7.980000019073486,8.199999809265137,7.599999904632568,7.659999847412109,7.659999847412109,158700,7.966000080108643,8.550000143051147,8.970500111579895,15.35880009651184,17.257600045204164,20.14719995737076,20.954447681240236,-2.1846358532807333,-2.364792042999963,0.18015618971922986,10.394936412213623,8.970500111579895,7.546063810946167,11.9621882923068,14.759093410472147,KZR
2019-06-25,7.679999828338623,7.809999942779541,7.510000228881836,7.630000114440918,7.630000114440918,68900,7.920000076293945,8.373000192642213,8.857000136375428,15.108400106430054,17.15480004787445,20.09384996175766,20.849878578966912,-2.116647125452081,-2.315163059490387,0.1985159340383058,10.328082723744043,8.857000136375428,7.3859175490068125,7.08300484264261,12.323711251508044,KZR
2019-06-26,7.519999980926514,7.610000133514404,7.019999980926514,7.090000152587891,7.090000152587891,46200,7.706000137329101,8.139000177383423,8.718000149726867,14.848400106430054,17.048300051689147,20.03549996137619,19.010845205592954,-2.0823351889198776,-2.268597485376285,0.18626229645640757,10.301042816201077,8.718000149726867,7.134957483252657,3.2867675325110155,7.443986889153486,KZR
2019-06-27,7.090000152587891,7.21999979019165,6.949999809265137,7.170000076293945,7.170000076293945,49200,7.51200008392334,7.875000143051148,8.589500164985656,14.582400121688842,16.938600058555604,19.9792999625206,20.134737084630302,-2.0253405417238532,-2.2199460966457987,0.19460555492194542,10.235810980053289,8.589500164985656,6.943189349918024,4.88015189125496,5.083308088802872,KZR
2019-06-28,7.199999809265137,7.949999809265137,7.150000095367432,7.710000038146973,7.710000038146973,641700,7.4520000457763675,7.753000116348266,8.501500153541565,14.336600122451783,16.83180006504059,19.921599962711333,27.452968716924968,-1.9145288919298729,-2.1588626557026136,0.24433376377274074,10.138268707868749,8.501500153541565,6.864731599214382,11.685255898011889,6.617391773925966,KZR
2019-07-01,7.809999942779541,7.820000171661377,6.920000076293945,7.070000171661377,7.070000171661377,92600,7.334000110626221,7.650000095367432,8.390500164031982,14.093400135040284,16.71920006752014,19.85364996433258,24.578400141039676,-1.8569467751222737,-2.098479479586546,0.2415327044642721,10.09790151105995,8.390500164031982,6.683098817004015,12.539060610081885,9.701489466449589,KZR
2019-07-02,7.099999904632568,7.699999809265137,6.920000076293945,7.010000228881836,7.010000228881836,65400,7.210000133514404,7.565000104904175,8.29000015258789,13.852800121307373,16.60330006599426,19.789699969291686,24.32128625406371,-1.795457114652895,-2.0378750065998155,0.24241789194692043,10.072335766567525,8.29000015258789,6.507664538608255,11.084713974442247,11.769676827512017,KZR
2019-07-03,7.050000190734863,7.150000095367432,6.78000020980835,6.820000171661377,6.820000171661377,24900,7.156000137329102,7.431000137329102,8.188500142097473,13.594000120162963,16.484500060081483,19.7213499712944,23.48352030776248,-1.741977104722645,-1.9786954262243814,0.23671832150173633,10.060656965084583,8.188500142097473,6.316343319110364,3.077425080912033,8.900399888478733,KZR
2019-07-05,6.789999961853027,7.429999828338623,6.099999904632568,7.099999904632568,7.099999904632568,226500,7.1420001029968265,7.327000093460083,8.096000146865844,13.336000118255615,16.367400064468384,19.657649970054628,27.44962690659878,-1.6578890600705005,-1.9145341529936053,0.2566450929231048,9.991187836293651,8.096000146865844,6.200812457438036,11.779226418055531,8.647121824469947,KZR
2019-07-08,7.099999904632568,7.28000020980835,7.010000228881836,7.159999847412109,7.159999847412109,30500,7.0320000648498535,7.2420000553131105,7.991000127792359,13.087200107574462,16.246900072097777,19.59329996585846,28.30718380418689,-1.5683284705620997,-1.8452930165073043,0.2769645459452046,9.84892274083785,7.991000127792359,6.133077514746867,26.492825170209404,13.783158889725668,KZR
2019-07-09,7.110000133514404,7.519999980926514,6.820000171661377,7.420000076293945,7.420000076293945,45300,7.102000045776367,7.218000078201294,7.8840001106262205,12.835600109100342,16.126600065231322,19.53369996547699,32.05508253121423,-1.459546469406117,-1.768143707087067,0.3085972376809498,9.609959626369523,7.8840001106262205,6.158040594882918,45.611221030488615,27.96109087291786,KZR
2019-07-10,7.519999980926514,7.599999904632568,7.0,7.579999923706055,7.579999923706055,43700,7.215999984741211,7.213000059127808,7.79300012588501,12.591200122833252,15.99930006980896,19.47144996166229,34.33022327533241,-1.3449218770327294,-1.6834993410761994,0.33857746404347,9.375607020293623,7.79300012588501,6.210393231476398,57.18517504405802,43.09640708158536,KZR
2019-07-11,7.449999809265137,7.519999980926514,7.03000020980835,7.179999828338623,7.179999828338623,19900,7.28799991607666,7.222000026702881,7.680500102043152,12.357400102615356,15.85150007724762,19.409149963855743,31.491219432018248,-1.2716983791964784,-1.601139148700255,0.32944076950377665,9.092314366148308,7.680500102043152,6.268685837937996,58.2256596370515,53.67401857053272,KZR
2019-07-12,7.199999809265137,7.78000020980835,6.989999771118164,7.150000095367432,7.150000095367432,26300,7.2979999542236325,7.2200000286102295,7.547500085830689,12.121400089263917,15.70770007133484,19.34284996509552,31.282275546213,-1.202230393730491,-1.5213573977063022,0.3191270039758112,8.582775522604951,7.547500085830689,6.512224649056426,55.33677613381528,56.91587027164161,KZR
2019-07-15,7.179999828338623,7.449999809265137,6.639999866485596,6.789999961853027,6.789999961853027,24500,7.223999977111816,7.128000020980835,7.440500068664551,11.877400093078613,15.564500064849854,19.274399967193602,28.811800119446147,-1.1628212374921283,-1.4496501656634675,0.2868289281713392,8.311418624880536,7.440500068664551,6.569581512448565,45.8432886763509,53.13524148240591,KZR
2019-07-16,6.769999980926514,6.940000057220459,6.539999961853027,6.659999847412109,6.659999847412109,17500,7.07199993133545,7.086999988555908,7.36850004196167,11.624800071716308,15.423800067901611,19.208099966049193,27.953298690116796,-1.1290639733577343,-1.385532927202321,0.25646895384458657,8.247483035390708,7.36850004196167,6.489517048532632,39.18919413464656,46.78975298160426,KZR
2019-07-17,6.659999847412109,6.800000190734863,6.369999885559082,6.449999809265137,6.449999809265137,19700,6.845999908447266,7.030999946594238,7.298000025749206,11.333600063323974,15.28540005683899,19.137099967002868,26.57572128127627,-1.1065012882800298,-1.3297265994178626,0.22322531113783284,8.232421858267626,7.298000025749206,6.3635781932307856,28.82882859662183,37.95377046920644,KZR
2019-07-18,6.429999828338623,6.519999980926514,5.650000095367432,5.730000019073486,5.730000019073486,59300,6.5559999465942385,6.921999931335449,7.176500034332276,11.04280005455017,15.139500060081481,19.058699967861177,22.484413194586956,-1.133650150319566,-1.2905113095982033,0.1568611592786373,8.25223756510243,7.176500034332276,6.100762503562121,17.555813820667172,28.52461218397853,KZR
2019-07-19,5.699999809265137,5.96999979019165,5.699999809265137,5.820000171661377,5.820000171661377,49600,6.289999961853027,6.79399995803833,7.0605000257492065,10.76180004119873,14.996800060272216,18.981899967193602,24.058227230371156,-1.1348220368925954,-1.2593734550570816,0.12455141816448623,8.194404357490935,7.0605000257492065,5.926595694007479,10.077092449066974,18.82057828878533,KZR
2019-07-22,5.840000152587891,5.940000057220459,5.690000057220459,5.940000057220459,5.940000057220459,37400,6.119999980926513,6.671999979019165,6.957000017166138,10.482200040817261,14.852600054740906,18.9088499712944,26.209459654794475,-1.1132350963352113,-1.2301457833127076,0.11691068697749629,8.103160536107826,6.957000017166138,5.810839498224451,8.309127853246684,11.980678040993617,KZR
2019-07-23,5.949999809265137,6.199999809265137,5.849999904632568,6.0,6.0,32100,5.988000011444091,6.5299999713897705,6.874000024795532,10.189200048446656,14.709100050926208,18.83779997587204,27.318092166346425,-1.0788494911031652,-1.199886524870799,0.12103703376763386,8.04466479088044,6.874000024795532,5.703335258710626,12.627015032354317,10.337745111555998,KZR
2019-07-24,5.699999809265137,6.380000114440918,5.5,5.989999771118164,5.989999771118164,55200,5.896000003814697,6.370999956130982,6.792000007629395,9.914000043869018,14.566100039482116,18.764749972820283,27.24462192057033,-1.0404123600646065,-1.1679916919095605,0.12757933184495407,7.969091357475784,6.792000007629395,5.614908657783006,17.17938550933688,12.705176131645965,KZR
2019-07-25,5.860000133514404,5.96999979019165,5.559999942779541,5.760000228881836,5.760000228881836,43300,5.902000045776367,6.228999996185303,6.725500011444092,9.627000036239624,14.421200041770936,18.689049975872038,25.543104052129223,-1.0167887894285812,-1.1377511114133647,0.12096232198478352,7.975739564210099,6.725500011444092,5.475260458678085,16.44221777917364,15.41620610695495,KZR
2019-07-26,5.769999980926514,5.929999828338623,5.659999847412109,5.710000038146973,5.710000038146973,22500,5.880000019073487,6.084999990463257,6.652500009536743,9.334400033950805,14.284300045967102,18.608899977207184,25.17501338044042,-0.9906815764882824,-1.1083372044283482,0.11765562794006579,7.959601733125883,6.652500009536743,5.345398285947603,14.035086985476944,15.885563424662493,KZR
2019-07-29,6.0,6.0,5.639999866485596,5.769999980926514,5.769999980926514,35800,5.846000003814697,5.982999992370606,6.55550000667572,9.038000030517578,14.156900043487548,18.523599977493287,26.54298866888214,-0.9541510686183035,-1.0774999772663392,0.12334890864803572,7.821588041366369,6.55550000667572,5.2894119719850705,10.818716079818957,13.765340281489854,KZR
2019-07-30,5.829999923706055,6.0,5.829999923706055,5.880000114440918,5.880000114440918,60600,5.822000026702881,5.905000019073486,6.496000003814697,8.747800045013427,14.030700044631958,18.43669997692108,29.102116240646186,-0.9058818444669621,-1.0431763507064638,0.13729450623950168,7.771592355294086,6.496000003814697,5.220407652335309,12.573100210177861,12.475634425157928,KZR
2019-07-31,5.900000095367432,6.119999885559082,5.510000228881836,5.630000114440918,5.630000114440918,103600,5.750000095367431,5.823000049591064,6.4269999980926515,8.467200050354004,13.906500053405761,18.355349979400636,26.815583557712134,-0.8776836563772559,-1.0100778118406222,0.1323941554633663,7.7328498207749625,6.4269999980926515,5.121150175410341,11.403510789938593,11.598442359978478,KZR
2019-08-01,5.639999866485596,5.739999771118164,5.269999980926514,5.349999904632568,5.349999904632568,40800,5.668000030517578,5.785000038146973,6.353499984741211,8.182800054550171,13.77650004863739,18.27024997472763,24.494335585076584,-0.867925164993939,-0.9816472824712855,0.11372211747734651,7.7263549532380225,6.353499984741211,4.980645016244399,8.679383530942172,10.885331510352884,KZR
2019-08-02,5.28000020980835,5.340000152587891,5.019999980926514,5.210000038146973,5.210000038146973,53700,5.568000030517578,5.724000024795532,6.258999991416931,7.921600046157837,13.650600056648255,18.178899977207184,23.403476607582938,-0.8615568187580669,-0.9576291897286417,0.09607237097057486,7.672886751050065,6.258999991416931,4.845113231783797,6.422438786949603,8.835111035943465,KZR
2019-08-05,5.090000152587891,5.300000190734863,4.119999885559082,4.269999980926514,4.269999980926514,145700,5.2680000305175785,5.557000017166137,6.1144999980926515,7.667000045776367,13.514500064849853,18.086699981689453,17.70276577890726,-0.9217348219269432,-0.950450316168302,0.028715494241358774,7.7096234531984,6.1144999980926515,4.519376542986903,6.387525108915451,7.16311580893575,KZR
2019-08-06,4.349999904632568,4.820000171661377,4.349999904632568,4.599999904632568,4.599999904632568,79800,5.011999988555909,5.417000007629395,5.973499989509582,7.421200056076049,13.380800070762634,17.992799985408784,24.642542749266543,-0.9320539493342475,-0.946771042801491,0.014717093467243592,7.580600124264183,5.973499989509582,4.366399854754981,11.83095125561959,8.213638383828224,KZR
2019-08-07,4.610000133514404,4.829999923706055,4.420000076293945,4.489999771118164,4.489999771118164,68100,4.783999919891357,5.267000007629394,5.818999981880188,7.313000059127807,13.24380006313324,17.889599988460542,23.918509610281426,-0.9382919777618115,-0.9450752297935552,0.006783252031743681,7.371828370845675,5.818999981880188,4.2661715929147,13.989564180215458,10.736013514916841,KZR
2019-08-08,4.579999923706055,4.840000152587891,4.519999980926514,4.670000076293945,4.670000076293945,104400,4.647999954223633,5.1579999923706055,5.693499994277954,7.209000062942505,13.104700064659118,17.78544998884201,27.66386422106754,-0.9181275371966002,-0.9396856912741642,0.021558154077564007,7.190781216433601,5.693499994277954,4.196218772122307,20.235987951634424,15.352167795823165,KZR
2019-08-09,4.699999809265137,5.260000228881836,4.699999809265137,4.880000114440918,4.880000114440918,71800,4.581999969482422,5.075,5.579999995231629,7.11180006980896,12.96160006046295,17.681049988269805,31.87730201806612,-0.8751140546543361,-0.9267713639501987,0.05165730929586254,6.957824353083562,5.579999995231629,4.202175637379695,24.778763053591764,19.66810506181389,KZR
2019-08-12,4.789999961853027,5.099999904632568,4.300000190734863,4.5,4.5,99900,4.627999973297119,4.9480000019073485,5.465499997138977,7.012400064468384,12.823100056648254,17.580199987888335,28.627790037987662,-0.8617546224224437,-0.9137680156446477,0.052013393222203996,6.802069852003488,5.465499997138977,4.128930142274466,24.926259039861108,23.313670015029107,KZR
2019-08-13,4.650000095367432,4.960000038146973,4.400000095367432,4.78000020980835,4.78000020980835,84300,4.664000034332275,4.838000011444092,5.371500015258789,6.9222000694274906,12.690200061798096,17.487199993133544,33.96904690275474,-0.8191310662170475,-0.8948406257591277,0.07570955954208025,6.620375911328608,5.371500015258789,4.12262411918897,27.814168057090527,25.839730050181142,KZR
2019-08-14,4.559999942779541,5.139999866485596,4.559999942779541,4.730000019073486,4.730000019073486,72600,4.71200008392334,4.748000001907348,5.285500025749206,6.836400060653687,12.56920006275177,17.389649994373322,33.48711022569567,-0.780390334362985,-0.8719505674798992,0.09156023311691419,6.460140012676449,5.285500025749206,4.110860038821963,26.771395180373258,26.503940759108307,KZR
2019-08-15,4.739999771118164,4.909999847412109,4.71999979019165,4.829999923706055,4.829999923706055,106800,4.744000053405761,4.696000003814698,5.240500020980835,6.756000051498413,12.440200066566467,17.28839999437332,35.45931848119683,-0.7331673716079106,-0.8441939283055014,0.11102655669759087,6.412532067023526,5.240500020980835,4.068467974938144,33.00000826517746,29.195190500880425,KZR
2019-08-16,4.849999904632568,5.130000114440918,4.610000133514404,4.869999885559082,4.869999885559082,35100,4.742000007629395,4.661999988555908,5.19300000667572,6.674400053024292,12.316500067710876,17.19219999074936,36.273297252498956,-0.684623259995484,-0.812279794643498,0.12765653464801396,6.344053479220253,5.19300000667572,4.041946534131187,34.500002861023006,31.42380210219125,KZR
2019-08-19,4.940000057220459,5.070000171661377,4.840000152587891,4.989999771118164,4.989999771118164,30500,4.839999961853027,4.733999967575073,5.145499992370605,6.589000043869018,12.194900069236756,17.089949986934663,38.76824898718578,-0.6292155092004599,-0.7756669375548904,0.14645142835443048,6.246653521741233,5.145499992370605,4.044346462999978,38.833332061767635,35.44444772932271,KZR
2019-08-20,4.940000057220459,5.079999923706055,4.360000133514404,4.420000076293945,4.420000076293945,57500,4.767999935150146,4.715999984741211,5.066499996185303,6.486200037002564,12.066600069999694,16.98839998960495,32.299566079791894,-0.6241043922478804,-0.7453544284934883,0.12125003624560793,6.137392647525296,5.066499996185303,3.9956073448453098,33.17284195947531,35.50205896075533,KZR
2019-08-21,4.480000019073486,4.789999961853027,4.159999847412109,4.300000190734863,4.300000190734863,62300,4.681999969482422,4.697000026702881,4.982000017166138,6.3842000484466555,11.932200074195862,16.889899990558625,31.122227849269464,-0.6225602955661236,-0.7207956019080154,0.09823530634189181,6.014077586134639,4.982000017166138,3.949922448197637,25.590882008055363,32.53235200976611,KZR
2019-08-22,4.360000133514404,4.71999979019165,4.110000133514404,4.150000095367432,4.150000095367432,48800,4.546000003814697,4.645000028610229,4.901500010490418,6.278600044250489,11.792100076675416,16.7858499956131,29.66654451758422,-0.6262216485591168,-0.7018808112382356,0.07565916267911887,5.929435325652537,4.901500010490418,3.873564695328299,12.21133097225701,23.6583516465959,KZR
2019-08-23,4.130000114440918,4.480000019073486,3.819999933242798,3.859999895095825,3.859999895095825,53100,4.344000005722046,4.543000006675721,4.80900000333786,6.1596000337600705,11.63450006723404,16.687249995470047,27.03387702381953,-0.6450877200304603,-0.6905221929966806,0.045434472966220274,5.861917875725739,4.80900000333786,3.7560821309499803,6.964411958230378,14.922208312847587,KZR
2019-08-26,3.950000047683716,4.079999923706055,3.809999942779541,4.03000020980835,4.03000020980835,74100,4.152000093460083,4.496000027656555,4.722000014781952,6.061600031852723,11.47360006093979,16.592449997663497,30.904787396505768,-0.6389561244821609,-0.6802089792937767,0.04125285481161578,5.729484008817402,4.722000014781952,3.714516020746502,7.103848314711022,8.759863748399473,KZR
2019-08-27,4.070000171661377,4.070000171661377,3.819999933242798,3.8299999237060547,3.8299999237060547,78500,4.034000062942505,4.400999999046325,4.619500005245209,5.976200022697449,11.309400060176849,16.49659999728203,28.95838866633062,-0.6428250553572417,-0.6727321945064697,0.029907139149228046,5.548983182474007,4.619500005245209,3.6900168280164105,6.443170843611566,6.837143705517659,KZR
2019-08-28,3.809999942779541,3.869999885559082,3.609999895095825,3.7100000381469727,3.7100000381469727,46300,3.9160000324249267,4.299000000953674,4.523500001430511,5.8932000207901005,11.127500064373017,16.395149997472764,27.826009477144225,-0.6481032677927754,-0.6678064091637308,0.019703141370955413,5.411357488708228,4.523500001430511,3.635642514152794,7.537450492262138,7.028156550194912,KZR
2019-08-29,3.819999933242798,4.010000228881836,3.819999933242798,3.869999885559082,3.869999885559082,50600,3.859999990463257,4.202999997138977,4.449500000476837,5.80740002155304,10.94770005941391,16.291599997282027,31.663050939842396,-0.6320893065992186,-0.6606629886508284,0.028573682051609817,5.2951825528809415,4.449500000476837,3.6038174480727316,8.144462002781523,7.375027779551746,KZR
2019-08-30,3.890000104904175,3.9700000286102295,3.319999933242798,3.380000114440918,3.380000114440918,94900,3.7640000343322755,4.054000020027161,4.358000004291535,5.712200016975403,10.779100062847137,16.177549995183945,26.939521342538654,-0.6514277596951841,-0.6588159428596996,0.007388183164515505,5.249506550549025,4.358000004291535,3.466493458034044,8.78359687488353,8.155169789975735,KZR
2019-09-03,3.3299999237060547,3.6700000762939453,2.819999933242798,3.0,3.0,238400,3.5579999923706054,3.855000042915344,4.294500005245209,5.6120000123977665,10.60820006132126,16.067599996328354,23.954951716981096,-0.689468690655171,-0.6649464924187939,-0.024522198236377135,5.364985373670743,4.294500005245209,3.2240146368196747,9.349600303559876,8.75921972707498,KZR
2019-09-04,3.1500000953674316,3.390000104904175,3.0899999141693115,3.25,3.25,370700,3.4420000076293946,3.7380000352859497,4.2270000100135805,5.523800015449524,10.441300055980683,15.955199998617172,29.489552207215674,-0.6914726258442756,-0.6702517191038903,-0.021220906740385348,5.37906074672601,4.2270000100135805,3.074939273301151,9.890019069475889,9.34107208263977,KZR
2019-09-05,3.25,3.3299999237060547,3.0999999046325684,3.299999952316284,3.299999952316284,262900,3.359999990463257,3.638000011444092,4.167500019073486,5.437200012207032,10.272800059318543,15.84730000257492,30.577800442931203,-0.6811740304276679,-0.6724361813686458,-0.008737849059022085,5.380395312127613,4.167500019073486,2.9546047260193595,15.717521269945438,11.652380214327072,KZR
2019-09-06,3.359999895095825,3.5,3.240000009536743,3.380000114440918,3.380000114440918,180300,3.262000036239624,3.5610000133514403,4.103000020980835,5.363000011444091,10.105700058937073,15.734700005054474,32.37617516833063,-0.6589608839867349,-0.6697411218922636,0.010780237905528733,5.339124590494362,4.103000020980835,2.8668754514673074,21.39090306786268,15.666147802428007,KZR
2019-09-09,3.380000114440918,3.549999952316284,3.299999952316284,3.380000114440918,3.380000114440918,116600,3.262000036239624,3.5130000352859496,4.028000020980835,5.287200012207031,9.934800066947936,15.632650001049042,32.37617516833063,-0.6340478959320239,-0.6626024767002157,0.02855458076819173,5.248370413639934,4.028000020980835,2.8076296283217363,23.445586114408,20.18467015073871,KZR
2019-09-10,3.4000000953674316,3.5999999046325684,3.2899999618530273,3.5299999713897705,3.5299999713897705,121100,3.368000030517578,3.463000011444092,3.9795000195503234,5.203600010871887,9.770100066661835,15.528000005483626,35.982382346234296,-0.5953377554951538,-0.6491495324592033,0.053811776964049485,5.198080713867947,3.9795000195503234,2.7609193252327002,28.532716306094244,24.45640182945498,KZR
2019-09-11,3.559999942779541,3.6600000858306885,3.3499999046325684,3.4000000953674316,3.4000000953674316,102700,3.3980000495910643,3.4200000286102297,3.9105000138282775,5.130200009346009,9.611800072193146,15.419900003671646,34.27636860971733,-0.5685951825222353,-0.6330386624718096,0.06444347994957433,5.095784294880726,3.9105000138282775,2.725215732775829,30.448568784945717,27.475623735149327,KZR
2019-09-12,3.4000000953674316,3.5,3.240000009536743,3.4000000953674316,3.4000000953674316,82600,3.418000078201294,3.3890000343322755,3.844000017642975,5.05800000667572,9.455400063991547,15.308150004148484,34.27636860971733,-0.5411633070303785,-0.6146635913835234,0.07350028435314493,4.986372903599995,3.844000017642975,2.701627131685955,33.835568055610956,30.93895104888365,KZR
2019-09-13,3.450000047683716,3.9100000858306885,3.450000047683716,3.5199999809265137,3.5199999809265137,61900,3.4460000514984133,3.3540000438690187,3.778500020503998,4.9920000028610225,9.293000061511993,15.204600006341934,37.451187384551545,-0.5039313532297052,-0.5925171437527598,0.0885857905230546,4.834156618965882,3.778500020503998,2.7228434220421134,40.340551125755866,34.87489598877085,KZR
2019-09-16,3.490000009536743,3.7200000286102295,3.4600000381469727,3.509999990463257,3.509999990463257,48700,3.4720000267028808,3.3670000314712523,3.7105000257492065,4.920200004577636,9.128100061416626,15.102300009727479,37.28953289549779,-0.4698159316481303,-0.5679769013318339,0.09816096968370358,4.644340975200899,3.7105000257492065,2.776659076297514,48.56510693522079,40.913742038862544,KZR
2019-09-17,3.509999990463257,3.8499999046325684,3.1500000953674316,3.7699999809265137,3.7699999809265137,91800,3.5200000286102293,3.4440000295639037,3.649500036239624,4.852400007247925,8.969800057411193,14.99455001115799,44.051444450386526,-0.4169925573048343,-0.5377800325264339,0.1207874752215996,4.377826235991861,3.649500036239624,2.9211738364873865,63.52915691885039,50.81160499327569,KZR
2019-09-18,3.7899999618530273,3.7899999618530273,3.549999952316284,3.619999885559082,3.619999885559082,43500,3.5639999866485597,3.481000018119812,3.609500026702881,4.776400003433228,8.806000056266784,14.879900014400482,41.285580987478085,-0.38282049034375865,-0.5067881240898988,0.12396763374614017,4.246288091624851,3.609500026702881,2.9727119617809112,67.4195936812547,59.83795251177529,KZR
2019-09-19,3.609999895095825,4.0,3.4600000381469727,3.490000009536743,3.490000009536743,79900,3.581999969482422,3.500000023841858,3.569000017642975,4.694600005149841,8.642900063991547,14.748950012922286,39.000125959947184,-0.36205523721827326,-0.4778415467155737,0.11578630949730045,4.122566628094285,3.569000017642975,3.015433407191665,67.94615042166045,66.29830034058851,KZR
2019-09-20,3.4800000190734863,3.859999895095825,3.4800000190734863,3.5299999713897705,3.5299999713897705,157400,3.5839999675750733,3.515000009536743,3.5380000114440917,4.621600008010864,8.48950005531311,14.618350014686584,40.09890499180492,-0.33846929849956586,-0.44996709707237215,0.11149779857280628,4.02316387379126,3.5380000114440917,3.052836149096924,61.39200855738927,65.5859175534348,KZR
2019-09-23,3.569999933242798,3.809999942779541,3.4600000381469727,3.7200000286102295,3.7200000286102295,72700,3.6259999752044676,3.5490000009536744,3.531000018119812,4.55300000667572,8.337200047969818,14.493750017881393,45.15267755982758,-0.3009763869787232,-0.4201689550536424,0.11919256807491918,4.001187204181711,3.531000018119812,3.0608128320579127,62.05997696712419,63.79937864872463,KZR
2019-09-24,3.7899999618530273,3.7899999618530273,3.5199999809265137,3.569999933242798,3.569999933242798,46200,3.5859999656677246,3.552999997138977,3.5080000042915342,4.488600006103516,8.183000049591065,14.37060001373291,42.13062949605452,-0.28013748798767324,-0.39216266164044855,0.11202517365277531,3.919659994826556,3.5080000042915342,3.0963400137565125,60.54082883285099,61.33093811912147,KZR
2019-09-25,3.549999952316284,3.740000009536743,3.4000000953674316,3.690000057220459,3.690000057220459,85400,3.6,3.58199999332428,3.5010000109672545,4.429200010299683,8.027000041007996,14.249800012111663,45.2855933978984,-0.25104560580572466,-0.3639392504735038,0.11289364466777912,3.8948984273308715,3.5010000109672545,3.1071015946036376,61.660803182997604,61.42053632765758,KZR
2019-09-26,3.6700000762939453,3.6700000762939453,3.1500000953674316,3.2699999809265137,3.2699999809265137,89100,3.555999994277954,3.568999981880188,3.479000008106232,4.3656000137329105,7.849600038528442,14.132500014305116,37.56602178685511,-0.2588961816261568,-0.3429306367040344,0.0840344550778776,3.8728984244698395,3.479000008106232,3.085101591742624,43.28975648374949,55.163796166532684,KZR
2019-09-27,3.3299999237060547,3.3299999237060547,3.059999942779541,3.059999942779541,3.059999942779541,35900,3.4619999885559083,3.522999978065491,3.4385000109672545,4.312200012207032,7.677500033378601,14.013550012111663,34.40778597828952,-0.27884867362681076,-0.3301142440885897,0.05126557046177893,3.8298195651117677,3.4385000109672545,3.0471804568227414,25.882349861259133,43.61096984266874,KZR
2019-09-30,3.069999933242798,3.3399999141693115,2.9700000286102295,3.2799999713897705,3.2799999713897705,95800,3.3739999771118163,3.499999976158142,3.4335000038146974,4.2614000082015995,7.511600024700165,13.88345001578331,40.09022857164927,-0.2737533454347485,-0.3188420643578215,0.04508871892307298,3.8302001400640324,3.4335000038146974,3.0367998675653625,14.738239279467683,27.970115208158763,KZR
2019-10-01,3.200000047683716,3.2200000286102295,2.9000000953674316,2.950000047683716,2.950000047683716,99300,3.25,3.4179999828338623,3.4310000061988832,4.201600008010864,7.341900024414063,13.733700008392335,35.16855230964995,-0.29296636318179514,-0.3136669241226162,0.020700560940821067,3.839063713237616,3.4310000061988832,3.0229362991601505,11.547511087970719,17.389366742899174,KZR
2019-10-02,2.9200000762939453,3.2200000286102295,2.880000114440918,3.1500000953674316,3.1500000953674316,83900,3.1420000076293944,3.3710000038146974,3.426000010967255,4.1446000099182125,7.166900029182434,13.599550011157989,39.97790476433707,-0.2887262295423838,-0.3086787852065697,0.01995255566418591,3.845113335405391,3.426000010967255,3.0068866865291186,19.583225627106142,15.289658664848176,KZR
2019-10-03,3.119999885559082,3.380000114440918,3.0999999046325684,3.119999885559082,3.119999885559082,40100,3.111999988555908,3.333999991416931,3.4170000076293947,4.087200012207031,7.000600028038025,13.501700007915497,39.50450677811212,-0.28450703924502285,-0.30384443601426037,0.019337396769237514,3.853902732357925,3.4170000076293947,2.9800972829008643,16.69371580143581,15.941484172170883,KZR
2019-10-04,3.109999895095825,3.259999990463257,3.0999999046325684,3.109999895095825,3.109999895095825,54100,3.121999979019165,3.2919999837875364,3.40349999666214,4.034200005531311,6.830600020885467,13.403550008535385,39.337293473404955,-0.2787568803966374,-0.29882692489073576,0.020070044494098382,3.860370881147772,3.40349999666214,2.946629112176508,22.023797866437395,19.43357976499311,KZR
2019-10-07,3.0799999237060547,3.3399999141693115,3.069999933242798,3.119999885559082,3.119999885559082,81300,3.089999961853027,3.231999969482422,3.390499985218048,3.982400002479553,6.658400018215179,13.317650011777879,39.61256131599116,-0.2702773335651165,-0.2931170066256119,0.02283967306049539,3.863806458453633,3.390499985218048,2.9171935119824632,21.130934388051887,19.949482685308354,KZR
2019-10-08,3.069999933242798,3.2300000190734863,3.0,3.0899999141693115,3.0899999141693115,140500,3.1179999351501464,3.1839999675750734,3.368499982357025,3.9288000011444093,6.483400015830994,13.221200015544891,39.0402241654546,-0.26294689050524456,-0.2870829834015384,0.02413609289629387,3.8545565905981314,3.368499982357025,2.8824433741159186,20.238078005458146,21.130936753315797,KZR
2019-10-09,3.119999885559082,3.2799999713897705,3.0799999237060547,3.109999895095825,3.109999895095825,19900,3.109999895095825,3.1259999513626098,3.353999972343445,3.8733999967575072,6.310600020885468,13.124900010824204,39.66607953596644,-0.2526116800510332,-0.28018872273143736,0.027577042680404174,3.8525739717178027,3.353999972343445,2.855425972969087,21.215969280872812,20.861660558127607,KZR
2019-10-10,3.119999885559082,3.25,3.0899999141693115,3.2300000190734863,3.2300000190734863,36200,3.1319999217987062,3.121999955177307,3.3454999685287476,3.8253999948501587,6.146300022602081,13.03440001130104,43.41955658967401,-0.2320628678958001,-0.2705635517643099,0.0385006838685098,3.8464381164185726,3.3454999685287476,2.8445618206389227,26.61791998486508,22.69065575706534,KZR
2019-10-11,3.2699999809265137,3.549999952316284,3.1700000762939453,3.2200000286102295,3.2200000286102295,34500,3.153999948501587,3.137999963760376,3.3304999709129333,3.782799997329712,5.982800025939941,12.938600015640258,43.178487118740236,-0.2141165001428056,-0.25927414144000904,0.045157641297203455,3.8275905304852764,3.3304999709129333,2.83340941134059,32.82213670524982,26.885341990329227,KZR
2019-10-14,3.240000009536743,3.359999895095825,3.180000066757202,3.2699999809265137,3.2699999809265137,22700,3.1839999675750734,3.1369999647140503,3.318499970436096,3.7439999961853028,5.83280002117157,12.84295001745224,44.82790608918874,-0.1936272813465072,-0.24614476942130867,0.05251748807480147,3.8092249674803913,3.318499970436096,2.8277749733918007,40.11528890198116,33.18511519736534,KZR
2019-10-15,3.25,3.3499999046325684,3.0799999237060547,3.1500000953674316,3.1500000953674316,101300,3.196000003814697,3.156999969482422,3.2874999761581423,3.721599998474121,5.694300022125244,12.745300016403199,41.69935363558185,-0.18494053633592644,-0.23390392280423222,0.04896338646830578,3.7368050104369157,3.2874999761581423,2.838194941879369,38.962891945850224,37.30010585102706,KZR
2019-10-16,3.130000114440918,3.3399999141693115,3.130000114440918,3.2699999809265137,3.2699999809265137,19800,3.228000020980835,3.16899995803833,3.2699999809265137,3.695,5.558100028038025,12.643650014400482,45.774849325419666,-0.16645445707977924,-0.22041402965934162,0.05395957257956238,3.6926109444758692,3.2699999809265137,2.847389017377158,45.91166367450541,41.66328150744559,KZR
2019-10-17,3.2699999809265137,3.7799999713897705,3.2699999809265137,3.690000057220459,3.690000057220459,53200,3.3200000286102296,3.2259999752044677,3.2799999833106996,3.6790000057220458,5.496000032424927,12.548400015830994,57.082959996311864,-0.1165698651709759,-0.19964519676166848,0.08307533159069258,3.7314421574826095,3.2799999833106996,2.8285578091387897,60.795390584903146,48.55664873508625,KZR
2019-10-18,3.619999885559082,3.8399999141693115,3.4200000762939453,3.5299999713897705,3.5299999713897705,39600,3.3820000171661375,3.2679999828338624,3.2799999833106996,3.6562000036239626,5.432600033283234,12.4503500187397,52.5841307323759,-0.08892160354036172,-0.17750047811740713,0.08857887457704541,3.7314421574826095,3.2799999833106996,2.8285578091387897,71.97242996203558,59.55982807381471,KZR
2019-10-21,3.5799999237060547,3.799999952316284,3.549999952316284,3.640000104904175,3.640000104904175,26300,3.45600004196167,3.3200000047683718,3.2759999871253966,3.6314000034332277,5.371600036621094,12.354300017356872,55.19836538013922,-0.057471569064624806,-0.15349469630685067,0.09602312724222586,3.7129622810134246,3.2759999871253966,2.8390376932373687,78.95834089774375,70.57538714822749,KZR
2019-10-22,3.630000114440918,3.7100000381469727,3.309999942779541,3.4700000286102295,3.4700000286102295,38400,3.5200000286102293,3.3580000162124635,3.270999991893768,3.610800004005432,5.311600034236908,12.256200016736985,50.55898693788584,-0.04573754165477961,-0.13194326537643647,0.08620572372165686,3.69653031516866,3.270999991893768,2.8454696686188763,67.60913494049528,72.8466352667582,KZR
2019-10-23,3.450000047683716,3.690000057220459,3.369999885559082,3.609999895095825,3.609999895095825,35700,3.588000011444092,3.4080000162124633,3.2669999837875365,3.5873999977111817,5.254800033569336,12.160350012779237,53.988725636952005,-0.024854909273232195,-0.11052559415579562,0.08567068488256342,3.677955007716537,3.2669999837875365,2.856044959858536,69.24603827162659,71.93783803662187,KZR
2019-10-24,3.609999895095825,3.690000057220459,3.309999942779541,3.380000114440918,3.380000114440918,31600,3.5260000228881836,3.4230000257492064,3.272499990463257,3.5603999996185305,5.198400030136108,12.062950010299682,48.086917400892126,-0.02655818652770181,-0.09373211263017686,0.06717392610247505,3.68640219788394,3.272499990463257,2.858597783042574,57.93651537019463,64.93056286077217,KZR
2019-10-25,3.450000047683716,3.549999952316284,3.3299999237060547,3.390000104904175,3.390000104904175,30000,3.4980000495910644,3.440000033378601,3.2889999985694884,3.5316000032424926,5.143800027370453,11.964400008916854,48.351279040098326,-0.026792285575841568,-0.0803441472193098,0.05355186164346823,3.693914850807959,3.2889999985694884,2.8840851463310178,54.76191489875023,60.64815618019048,KZR
2019-10-28,3.4000000953674316,3.630000114440918,3.4000000953674316,3.509999990463257,3.509999990463257,21300,3.4720000267028808,3.464000034332275,3.3004999995231628,3.5044000053405764,5.089400029182434,11.864400007724761,51.54037506322441,-0.0170977308757867,-0.06769486395060517,0.05059713307481847,3.716647853850354,3.3004999995231628,2.8843521451959715,49.41521966928718,54.037883312744015,KZR
2019-10-29,3.5,3.680000066757202,3.4200000762939453,3.4700000286102295,3.4700000286102295,57400,3.4720000267028808,3.4960000276565553,3.3264999985694885,3.4740000104904176,5.031500027179718,11.765750004053116,50.42274534475805,-0.012498316248626296,-0.0566555544102094,0.0441572381615831,3.715923990618906,3.3264999985694885,2.937076006520071,51.441116481412735,51.87275034981672,KZR
2019-10-30,3.509999990463257,3.5299999713897705,3.200000047683716,3.5,3.5,54400,3.450000047683716,3.519000029563904,3.343999993801117,3.4556000089645384,4.970900022983551,11.664500004053115,51.27611698369703,-0.006359195204816537,-0.04659628256913083,0.04023708736431429,3.7315771515187506,3.343999993801117,2.9564228360834837,54.385976469968284,51.747437540222734,KZR
2019-10-31,3.4700000286102295,3.4700000286102295,3.069999933242798,3.25,3.25,90400,3.4240000247955322,3.475000023841858,3.350499999523163,3.434600005149841,4.909400026798249,11.568850008249283,44.41507628879351,-0.021419893017161407,-0.041561004658736946,0.02014111164157554,3.727035579456017,3.350499999523163,2.973964419590309,43.31853505770531,49.71520933636211,KZR
2019-11-01,3.2699999809265137,3.2799999713897705,3.140000104904175,3.2300000190734863,3.2300000190734863,44700,3.3920000076293944,3.4450000286102296,3.356500005722046,3.4162000036239624,4.847400023937225,11.47870000720024,43.908900136178616,-0.034570923764365435,-0.040162988479862646,0.005592064715497211,3.721151937939045,3.356500005722046,2.991848073505047,33.13967789770107,43.614729808458215,KZR
2019-11-04,3.25,3.559999942779541,3.069999933242798,3.0899999141693115,3.0899999141693115,60300,3.3079999923706054,3.390000009536743,3.355000007152557,3.4008000040054323,4.780200018882751,11.391300008296966,40.43503794394875,-0.055648566777871,-0.043260104139464316,-0.012388462638406685,3.7237547089244387,3.355000007152557,2.9862453053806757,15.584421750297999,30.680878235234786,KZR
2019-11-05,3.0799999237060547,3.1500000953674316,2.740000009536743,2.880000114440918,2.880000114440918,90900,3.1900000095367433,3.331000018119812,3.344500017166138,3.3778000020980836,4.719700016975403,11.306650011539459,35.85298082219621,-0.08828033872658203,-0.05226415105688786,-0.03601618766969417,3.7526899247814347,3.344500017166138,2.936310109550841,12.034638664296253,20.2529127707651,KZR
2019-11-06,2.880000114440918,3.380000114440918,2.75,3.0899999141693115,3.0899999141693115,973800,3.1079999923706056,3.2790000200271607,3.343500018119812,3.3630000019073485,4.669600012302399,11.223100014925002,42.82979386660091,-0.0960883772980754,-0.061028996305125364,-0.035059380992950036,3.754074006240706,3.343500018119812,2.932926029998918,15.714286486361592,14.444448966985275,KZR
2019-11-07,3.440000057220459,3.440000057220459,2.8299999237060547,2.9200000762939453,2.9200000762939453,77200,3.0420000076293947,3.2330000162124635,3.328000020980835,3.347200002670288,4.620200011730194,11.142350016832351,39.12043703677235,-0.11467200282080636,-0.07175759760826156,-0.042914405212544804,3.776223168826699,3.328000020980835,2.879776873134971,20.508866188136057,16.085930446264626,KZR
2019-11-08,2.940000057220459,3.0999999046325684,2.880000114440918,2.890000104904175,2.890000104904175,27300,2.974000024795532,3.183000016212463,3.3115000247955324,3.32760000705719,4.567500014305114,11.060600018501281,38.4869709380106,-0.13031818004696438,-0.08346971409600212,-0.04684846595096226,3.7971449325157884,3.3115000247955324,2.8258551170752764,21.421080699441305,19.214744457979645,KZR
2019-11-11,2.890000104904175,3.259999990463257,2.890000104904175,2.950000047683716,2.950000047683716,120400,2.9460000514984133,3.127000021934509,3.295500028133392,3.319000005722046,4.515600011348725,10.98170002102852,40.56003583461683,-0.13630515332097692,-0.09403680194099709,-0.042268351379979835,3.8060085714350844,3.295500028133392,2.7849914848317,18.183444085058152,20.037796990878494,KZR
2019-11-12,2.930000066757202,2.9600000381469727,2.4800000190734863,2.609999895095825,2.609999895095825,135900,2.8920000076293944,3.041000008583069,3.268500018119812,3.3112000036239624,4.461600008010865,10.907350022792816,33.64123704617999,-0.16656498611166226,-0.10854243877513012,-0.05802254733653214,3.857949770866394,3.268500018119812,2.6790502653732298,16.104328011092193,18.56961759853054,KZR
2019-11-13,2.5199999809265137,2.8499999046325684,2.509999990463257,2.7200000286102295,2.7200000286102295,93700,2.8180000305175783,2.963000011444092,3.2410000205039977,3.300600004196167,4.412200009822845,10.834900027513504,37.36391736125116,-0.1795997164096348,-0.12275389430203106,-0.056845822107603736,3.8770786392754895,3.2410000205039977,2.604921401732506,17.616352377306395,17.301374824485574,KZR
2019-11-14,2.690000057220459,2.809999942779541,2.5799999237060547,2.609999895095825,2.609999895095825,63100,2.7559999942779543,2.8990000009536745,3.187000012397766,3.286800003051758,4.362000007629394,10.758400027751923,35.23519591585065,-0.19654033095296075,-0.13751118163221698,-0.05902914932074377,3.844452695725699,3.187000012397766,2.5295473290698336,13.85903787982526,15.859906089407941,KZR
2019-11-15,2.6600000858306885,2.6600000858306885,2.430000066757202,2.5299999713897705,2.5299999713897705,78000,2.6839999675750734,2.8289999961853027,3.137000012397766,3.269800000190735,4.316400005817413,10.68235002875328,33.730096921600875,-0.2139548766491779,-0.15279992063560915,-0.06115495601356874,3.833451049598733,3.137000012397766,2.440548975196799,12.944438313996566,14.806609523709398,KZR
2019-11-18,2.5399999618530273,2.809999942779541,2.359999895095825,2.5399999618530273,2.5399999618530273,58700,2.6019999504089357,2.7740000009536745,3.0820000052452086,3.252999997138977,4.270100004673004,10.604350031614304,34.108983549936454,-0.22436279923291513,-0.16711249635507036,-0.05725030287784477,3.7845838347837013,3.0820000052452086,2.379416175706716,11.277773303014412,12.693749832278735,KZR
2019-11-19,2.559999942779541,2.7300000190734863,2.380000114440918,2.5,2.5,73000,2.5799999713897703,2.7359999895095823,3.033500003814697,3.2323999977111817,4.218000004291534,10.52490003466606,33.28912303312349,-0.23315119366448434,-0.18032023581695317,-0.05283095784753117,3.755892580305326,3.033500003814697,2.3111074273240684,11.555557427582817,11.925923014864589,KZR
2019-11-20,2.509999990463257,2.7300000190734863,2.5,2.640000104904175,2.640000104904175,60400,2.5639999866485597,2.6910000085830688,2.9850000143051147,3.2171999979019166,4.173700003623963,10.446450035572052,38.83099019966805,-0.22621159468074303,-0.18949850758971115,-0.03671308709103188,3.6756084763138936,2.9850000143051147,2.294391552296336,16.66667660077381,13.166669110457002,KZR
2019-11-21,2.7100000381469727,2.7100000381469727,2.569999933242798,2.5999999046325684,2.5999999046325684,60000,2.5619999885559084,2.6589999914169313,2.946000003814697,3.201199994087219,4.12960000038147,10.366450033187867,37.863169479942385,-0.22138757618602245,-0.19587632130897342,-0.025511254877049028,3.6310518599491357,2.946000003814697,2.2609481476802586,18.333341611755966,15.518525213370856,KZR
2019-11-22,2.640000104904175,3.25,2.5199999809265137,2.869999885559082,2.869999885559082,269000,2.6299999713897706,2.656999969482422,2.9199999928474427,3.1881999921798707,4.090099997520447,10.287300028800964,47.39413442464424,-0.19354667915828871,-0.1954103928788365,0.0018637137205477772,3.574461625759204,2.9199999928474427,2.2655383599356815,30.185188046862482,21.728402086464076,KZR
2019-11-25,2.940000057220459,2.9800000190734863,2.700000047683716,2.809999942779541,2.809999942779541,91700,2.6839999675750734,2.6429999589920046,2.884999990463257,3.1741999912261964,4.047199997901917,10.20730003118515,45.71599612765442,-0.17431467060719807,-0.1911912484245088,0.016876577817310723,3.4818417040285983,2.884999990463257,2.2881582768979154,36.2962930258088,28.271607561475737,KZR
2019-11-26,2.7300000190734863,2.799999952316284,2.559999942779541,2.5999999046325684,2.5999999046325684,162800,2.703999948501587,2.6419999599456787,2.841499984264374,3.1507999897003174,4.001599998474121,10.12425003528595,40.333078380194785,-0.17401250546228786,-0.1877554998320646,0.013742994369776745,3.3859731514202123,2.841499984264374,2.2970268171085353,37.03703294892765,34.506171340532966,KZR
2019-11-27,2.549999952316284,2.7799999713897705,2.5399999618530273,2.690000057220459,2.690000057220459,106000,2.713999938964844,2.6389999628067016,2.8009999871253966,3.132199993133545,3.9542999982833864,10.040450031757354,43.408531260241254,-0.16461321854160316,-0.1831270435739723,0.018513825032369147,3.2568026002308734,2.8009999871253966,2.3451973740199197,33.51852179718258,35.61728259063966,KZR
2019-11-29,2.680000066757202,2.799999952316284,2.5999999046325684,2.609999895095825,2.609999895095825,39000,2.715999937057495,2.6389999628067016,2.768999981880188,3.1145999908447264,3.904599997997284,9.951950033903122,41.36742220669137,-0.16175495005765717,-0.17885262487070927,0.017097674813052105,3.182081118571022,2.768999981880188,2.3559188451893536,28.888891799623053,33.14814884857774,KZR
2019-12-02,2.6500000953674316,2.7899999618530273,2.5299999713897705,2.5899999141693115,2.5899999141693115,98700,2.659999942779541,2.644999957084656,2.736999976634979,3.0957999897003172,3.858699998855591,9.855100038051605,40.85028050727889,-0.159267644737505,-0.1749356288440684,0.01566798410656342,3.0981703272130297,2.736999976634979,2.3758296260569285,30.09571711857984,30.834376905128476,KZR
2019-12-03,2.559999942779541,2.6700000762939453,2.559999942779541,2.630000114440918,2.630000114440918,30300,2.6239999771118163,2.6539999723434446,2.7139999866485596,3.0739999914169314,3.813499999046326,9.760600035190583,42.401174086360626,-0.15231298619164502,-0.17041110031358372,0.018098114121938708,3.039109240440616,2.7139999866485596,2.388890732856503,27.985856760645905,28.99015522628292,KZR
2019-12-04,2.640000104904175,2.7899999618530273,2.630000114440918,2.7300000190734863,2.7300000190734863,69500,2.65,2.6769999742507933,2.706499981880188,3.057199993133545,3.7728999996185304,9.668700032234192,46.199054780434615,-0.13715121874267044,-0.16375912399940107,0.026607905256730624,3.022745168938006,2.706499981880188,2.39025479482237,32.58427939510988,30.22195109144519,KZR
2019-12-05,2.7799999713897705,2.7799999713897705,2.609999895095825,2.6500000953674316,2.6500000953674316,28100,2.6420000076293944,2.677999973297119,2.684499990940094,3.0363999938964845,3.7328000020980836,9.578300034999847,43.71569445179887,-0.13009112455557936,-0.15702552411063672,0.02693439955505736,2.9477470759264377,2.684499990940094,2.4212529059537506,34.831476927915425,31.80053769455705,KZR
2019-12-06,2.7100000381469727,2.7100000381469727,2.640000104904175,2.6500000953674316,2.6500000953674316,53900,2.650000047683716,2.6829999923706054,2.670999991893768,3.0239999961853026,3.6948000049591063,9.490100030899049,43.71569445179887,-0.1230771917929796,-0.1502358576471053,0.027158665854125685,2.9112415752538943,2.670999991893768,2.430758408533642,35.5805397956727,34.33209870623265,KZR
2019-12-09,2.690000057220459,2.7799999713897705,2.5199999809265137,2.6700000762939453,2.6700000762939453,302400,2.6660000801086428,2.6630000114440917,2.6599999904632567,3.016199998855591,3.664200005531311,9.401850032806397,44.57944217798273,-0.11458391617238384,-0.143105469352161,0.02852155317977717,2.8782659024056003,2.6599999904632567,2.441734078520913,32.83396999420689,34.41532890593165,KZR
2019-12-10,2.6600000858306885,2.799999952316284,2.569999933242798,2.6500000953674316,2.6500000953674316,191000,2.6700000762939453,2.647000026702881,2.644999992847443,3.003600001335144,3.6325000047683718,9.314650032520294,43.854672261945325,-0.10821928086067167,-0.13612823165386315,0.027908950793191473,2.818031786298616,2.644999992847443,2.4719681993962697,28.63921145787822,32.35124041591925,KZR
2019-12-11,2.6700000762939453,2.7200000286102295,2.609999895095825,2.7100000381469727,2.7100000381469727,77500,2.6660000801086428,2.658000040054321,2.65,2.998800001144409,3.6002000045776366,9.22640002965927,46.65657075614057,-0.09721315484360415,-0.12834521629181134,0.031132061448207182,2.8244706309614807,2.65,2.475529369038519,26.453583489212814,29.308921647099286,KZR
2019-12-12,2.690000057220459,2.7300000190734863,2.6700000762939453,2.7200000286102295,2.7200000286102295,41300,2.680000066757202,2.6610000371932983,2.65,2.990199999809265,3.567400004863739,9.138250027894975,47.13013662882793,-0.08668455938195407,-0.12001308490983989,0.033328525527885816,2.8244706309614807,2.65,2.475529369038519,24.474894408152025,26.522563118414336,KZR
2019-12-13,2.7200000286102295,2.7300000190734863,2.549999952316284,2.700000047683716,2.700000047683716,263700,2.690000057220459,2.6700000524520875,2.6545000076293945,2.9818000030517577,3.5345000076293944,9.050300023555756,46.24586228064892,-0.07904324165107335,-0.11181911625808658,0.03277587460701323,2.8292541207959894,2.6545000076293945,2.4797458944627997,30.851705519608316,27.260061138991034,KZR
2019-12-16,2.7200000286102295,2.759999990463257,2.6500000953674316,2.7300000190734863,2.7300000190734863,141200,2.702000045776367,2.6840000629425047,2.6645000100135805,2.974200005531311,3.504200005531311,8.962700023651124,47.82714269722915,-0.06976251646158582,-0.10340779629878642,0.0336452798372006,2.8323660233062795,2.6645000100135805,2.4966339967208815,47.17591114251764,34.167503690092644,KZR
2019-12-17,2.7799999713897705,2.9100000858306885,2.7200000286102295,2.869999885559082,2.869999885559082,170300,2.7460000038146974,2.7080000400543214,2.6810000061988832,2.9692000055313112,3.475800004005432,8.880050024986268,54.546878129755385,-0.05052819807254805,-0.09283187665353874,0.0423036785809907,2.861099940384795,2.6810000061988832,2.5009000720129713,67.95800282937732,48.66187316383441,KZR
2019-12-18,2.869999885559082,3.0799999237060547,2.5799999237060547,3.0299999713897705,3.0299999713897705,253800,2.8099999904632567,2.7380000352859497,2.7075000047683715,2.9680000066757204,3.4484000039100646,8.802650023698806,60.76622682737707,-0.022119215871594378,-0.07868934449714987,0.056570128625555494,2.9252957377130153,2.7075000047683715,2.4897042718237277,85.27166620405605,66.80186005865032,KZR
2019-12-19,3.0199999809265137,3.240000009536743,2.9800000190734863,3.2200000286102295,3.2200000286102295,266500,2.9099999904632567,2.7950000286102297,2.7365000009536744,2.970200009346008,3.4218000030517577,8.726250023841859,66.60911207426214,0.015547304273481277,-0.05984201474302364,0.07538931901650492,3.045839603599605,2.7365000009536744,2.427160398307744,92.6790674354964,81.96957882297657,KZR
2019-12-20,3.299999952316284,3.549999952316284,3.2200000286102295,3.490000009536743,3.490000009536743,257000,3.067999982833862,2.879000020027161,2.781000006198883,2.9754000091552735,3.400400002002716,8.653450027704238,72.80671373904121,0.06641939341520242,-0.03458973311137843,0.10100912652658085,3.225517705762872,2.781000006198883,2.3364823066348936,94.15614127696328,90.70229163883856,KZR
2019-12-23,3.5999999046325684,3.7699999809265137,3.359999895095825,3.690000057220459,3.690000057220459,262200,3.259999990463257,2.981000018119812,2.8220000147819517,2.984800009727478,3.383800003528595,8.580150026082993,76.31376964771145,0.1214739469065318,-0.0033769971077963895,0.12485094401432818,3.4174359939238164,2.8220000147819517,2.226564035640087,94.99899792011428,93.9447355441913,KZR
2019-12-24,3.930000066757202,3.930000066757202,3.7200000286102295,3.859999895095825,3.859999895095825,130200,3.4579999923706053,3.1019999980926514,2.874500012397766,2.9966000080108643,3.3703000020980833,8.51045002937317,78.81478811337233,0.17678477848202956,0.0326553580101688,0.14412942047186075,3.6221489649274243,2.874500012397766,2.126851059868108,94.27007263306491,94.47507061004747,KZR
2019-12-26,3.950000047683716,3.9600000381469727,3.5,3.799999952316284,3.799999952316284,193800,3.611999988555908,3.2109999895095824,2.934500014781952,3.0096000051498413,3.3656000018119814,8.440050033330918,75.77371714966348,0.21331851401338753,0.06878798921081254,0.144530524802575,3.7716492971680164,2.934500014781952,2.0973507323958875,92.50811286466823,93.92572780594912,KZR
2019-12-27,3.799999952316284,3.9000000953674316,3.619999885559082,3.7300000190734863,3.7300000190734863,145400,3.7139999866485596,3.3119999885559084,2.986500012874603,3.0188000059127806,3.3569000029563902,8.368850036859513,72.2701590351674,0.2339267906067537,0.10181574949000077,0.13211104111675293,3.8835010871822173,2.986500012874603,2.089498938566989,89.3173698594661,92.03185178573307,KZR
2019-12-30,3.7300000190734863,4.340000152587891,3.5,4.260000228881836,4.260000228881836,254600,3.868000030517578,3.4680000066757204,3.0690000295639037,3.030200009346008,3.354600007534027,8.299200035333634,79.86229283717108,0.2896862629012906,0.13938985217225874,0.15029641072903188,4.105048295133939,3.0690000295639037,2.032951763993869,89.48246382570086,90.43598218327838,KZR
2019-12-31,4.320000171661377,4.440000057220459,3.9000000953674316,4.010000228881836,4.010000228881836,179000,3.9320000648498534,3.5960000276565554,3.14000004529953,3.0398000144958495,3.348000009059906,8.226350036859513,70.1112150938921,0.31012817124713843,0.1735375159872347,0.13659065525990374,4.228319875389249,3.14000004529953,2.051680215209811,85.60239856708671,88.13407741741787,KZR
2020-01-02,4.099999904632568,4.099999904632568,3.3499999046325684,3.5799999237060547,3.5799999237060547,206500,3.8760000705718993,3.6670000314712525,3.187500035762787,3.038600010871887,3.335000007152557,8.148300033807754,57.17929337724787,0.2883076685838839,0.19649154650656453,0.09181612207731937,4.26551443682377,3.187500035762787,2.1094856347018043,75.75892285735638,83.61459508338129,KZR
2020-01-03,3.4800000190734863,3.990000009536743,3.4800000190734863,3.9100000858306885,3.9100000858306885,162700,3.8980000972747804,3.755000042915344,3.246500039100647,3.0474000120162965,3.3291000080108644,8.07610003232956,62.84351535459219,0.29425107494502134,0.21604345219425589,0.07820762275076545,4.346832288348521,3.246500039100647,2.1461677898527727,67.90123752691413,76.42085298378572,KZR
2020-01-06,3.9000000953674316,3.9800000190734863,3.630000114440918,3.740000009536743,3.740000009536743,170200,3.9000000953674316,3.8070000410079956,3.3010000348091126,3.0500000143051147,3.3187000060081484,8.004450033903122,58.54705198544862,0.28199304164958594,0.2292333700853219,0.05275967156426403,4.385617971317321,3.3010000348091126,2.2163820983009046,62.940205507441306,68.86678863057058,KZR
2020-01-07,3.700000047683716,4.039999961853027,3.700000047683716,4.0,4.0,118600,3.8480000495910645,3.8580000400543213,3.368500030040741,3.062400012016296,3.311400005817413,7.940300034284592,62.74245578658159,0.2899163134733129,0.2413699587629201,0.048546354710392814,4.450688126818284,3.368500030040741,2.286311933263198,70.2224504022699,67.02129781220843,KZR
2020-01-08,4.039999961853027,4.070000171661377,3.7100000381469727,3.930000066757202,3.930000066757202,141000,3.8320000171661377,3.882000041007996,3.431500029563904,3.073200011253357,3.302400007247925,7.871300036907196,60.95379465214583,0.28723607520218275,0.25054318205077264,0.03669289315141011,4.490145909080276,3.431500029563904,2.372854150047532,70.43010794037218,67.86425461669444,KZR
2020-01-09,3.9000000953674316,4.099999904632568,3.7799999713897705,3.819999933242798,3.819999933242798,55600,3.8800000190734862,3.878000044822693,3.4900000214576723,3.0794000101089476,3.2919000077247618,7.804200037717819,58.148457732162186,0.273087888410807,0.2550521233227795,0.01803576508802751,4.497511861394351,3.4900000214576723,2.4824881815209943,68.81965715956896,69.82407183407032,KZR
2020-01-10,3.799999952316284,3.990000009536743,3.180000066757202,3.2899999618530273,3.2899999618530273,190500,3.7559999942779543,3.827000045776367,3.5190000176429748,3.0758000087738036,3.274900009632111,7.734900039434433,46.93898278385827,0.21661181399432516,0.2473640614570886,-0.03075224746276345,4.466647693983204,3.5190000176429748,2.571352341302745,46.281679102003515,61.84381473398154,KZR
2020-01-13,3.25,3.369999885559082,3.0999999046325684,3.190000057220459,3.190000057220459,77800,3.6460000038146974,3.7730000495910643,3.5425000190734863,3.069600009918213,3.2626000094413756,7.664600039720535,45.169678642256464,0.16191846627289586,0.23027494242025007,-0.06835647614735421,4.431204197358275,3.5425000190734863,2.653795840788698,24.326939398857146,46.47609188680986,KZR
2020-01-14,3.1600000858306885,3.2899999618530273,3.119999885559082,3.140000104904175,3.140000104904175,56800,3.474000024795532,3.6610000371932983,3.564500021934509,3.0674000120162965,3.251000008583069,7.591600041389466,44.27112488365437,0.11323372794429032,0.20686669952505812,-0.0936329715807678,4.388089186397113,3.564500021934509,2.740910857471906,6.143889411964223,25.58416930427495,KZR
2020-01-15,3.140000104904175,3.2100000381469727,3.0,3.1500000953674316,3.1500000953674316,76700,3.3180000305175783,3.575000023841858,3.5855000257492065,3.0658000135421752,3.241000008583069,7.516550042629242,44.50888292313205,0.07459772162186118,0.18041290394441872,-0.10581518232255754,4.341554982778889,3.5855000257492065,2.829445068719524,6.706063546956178,12.392297452592507,KZR
2020-01-16,3.1700000762939453,3.4100000858306885,3.1700000762939453,3.3499999046325684,3.3499999046325684,41500,3.224000024795532,3.5520000219345094,3.609500026702881,3.0710000133514406,3.235900008678436,7.435200037956238,49.1788527815335,0.05943163055140088,0.15621664926581516,-0.09678501871441428,4.3008892579994225,3.609500026702881,2.91811079540634,12.56910335835883,8.473018772426402,KZR
2020-01-17,3.4000000953674316,3.4800000190734863,3.180000066757202,3.2699999809265137,3.2699999809265137,58200,3.2200000286102295,3.488000011444092,3.621500027179718,3.078800010681152,3.228300006389618,7.350950033664703,47.458378517796994,0.04049032163301991,0.13307138373925612,-0.0925810621062362,4.279778890961545,3.621500027179718,2.9632211633978915,17.824072924293223,12.366413276536067,KZR
2020-01-21,3.319999933242798,3.5,3.259999990463257,3.490000009536743,3.490000009536743,112700,3.280000019073486,3.463000011444092,3.635000026226044,3.086800012588501,3.224900007247925,7.267150033712387,52.39098872320979,0.04273869645353168,0.11500484628211123,-0.07226614982857955,4.27046840762881,3.635000026226044,2.9995316448232776,25.694440995101772,18.69587242591793,KZR
2020-01-22,3.549999952316284,3.5799999237060547,3.25,3.309999942779541,3.309999942779541,183500,3.3139999866485597,3.394000005722046,3.6260000228881837,3.0946000099182127,3.2209000062942503,7.174200035333634,48.38832992208132,0.02965421332140883,0.09793471968997075,-0.06828050636856192,4.2743950208658,3.6260000228881837,2.9776050249105674,26.986530147186546,23.501681355527168,KZR
2020-01-23,3.25,3.2699999809265137,3.109999895095825,3.2300000190734863,3.2300000190734863,80900,3.3299999713897703,3.3240000009536743,3.603000020980835,3.1014000082015993,3.2145000076293946,7.081100033521652,46.68131753863396,0.012683137599503347,0.08088440327187726,-0.06820126567237392,4.272958282947041,3.603000020980835,2.933041759014629,27.706228988993058,26.795733377093782,KZR
2020-01-24,3.2100000381469727,3.2100000381469727,3.049999952316284,3.0899999141693115,3.0899999141693115,68600,3.2779999732971192,3.250999999046326,3.564500021934509,3.104200005531311,3.2116000056266785,6.995350034236908,43.77121612861898,-0.011925925965280193,0.062322337424445776,-0.07424826338972597,4.259006399104093,3.564500021934509,2.869993644764925,19.090906989147395,24.594555375108992,KZR
2020-01-27,3.0999999046325684,3.1600000858306885,2.950000047683716,3.0,3.0,112500,3.2239999771118164,3.222000002861023,3.5245000243186952,3.1120000076293945,3.2116000056266785,6.909900033473969,41.96028527546515,-0.03825010366669046,0.04220784920621853,-0.080457952872909,4.25153449406755,3.5245000243186952,2.7974655545698406,11.14624267518947,19.314459551109966,KZR
2020-01-28,3.0199999809265137,3.0999999046325684,2.8299999237060547,2.940000057220459,2.940000057220459,81600,3.1139999866485595,3.197000002861023,3.485000026226044,3.116400008201599,3.208500006198883,6.824900031089783,40.74987403054342,-0.06322488102010437,0.021121303160953946,-0.08434618418105833,4.248033520605186,3.485000026226044,2.7219665318469017,7.063687178538662,12.433612280958501,KZR
2020-01-29,2.9800000190734863,3.0,2.8299999237060547,2.869999885559082,2.869999885559082,77900,3.025999975204468,3.1699999809265136,3.415500009059906,3.1216000080108643,3.204200005531311,6.738500032424927,39.324620866010854,-0.08765556208741732,-0.0006340698887203101,-0.08702149219869701,4.1355132560080765,3.415500009059906,2.695486762111735,5.386284596686669,7.865404816804926,KZR
2020-01-30,2.869999885559082,2.930000066757202,2.7200000286102295,2.7699999809265137,2.7699999809265137,96900,2.9339999675750734,3.131999969482422,3.3534999966621397,3.1264000082015992,3.198100004196167,6.65190003156662,37.316666893661555,-0.113774685662555,-0.02326219304348725,-0.09051249261906774,4.071616299653476,3.3534999966621397,2.635383693670804,5.249345162399411,5.899772312541573,KZR
2020-01-31,2.6700000762939453,3.2100000381469727,2.6700000762939453,3.069999933242798,3.069999933242798,2311300,2.9299999713897704,3.103999972343445,3.327999997138977,3.1370000076293945,3.1950000023841856,6.564900034666062,46.19301191755265,-0.10901018872710422,-0.04041179218021064,-0.06859839654689358,4.048349938848418,3.327999997138977,2.607650055429536,17.014214375992847,9.216614711692968,KZR
2020-02-03,3.0799999237060547,3.25,3.0399999618530273,3.0899999141693115,3.0899999141693115,263600,2.947999954223633,3.0859999656677246,3.286999988555908,3.148800005912781,3.190600001811981,6.480350034236908,46.73453984135486,-0.10243959933080848,-0.05281735361033021,-0.04962224572047828,3.962102960669665,3.286999988555908,2.611897016442151,31.34895862071457,17.870839386368935,KZR
2020-02-04,3.130000114440918,3.1600000858306885,2.990000009536743,3.0399999618530273,3.0399999618530273,300700,2.9679999351501465,3.040999960899353,3.2519999861717226,3.156800003051758,3.187000000476837,6.399400036334992,45.501623087847946,-0.10011289899904607,-0.06227646268807338,-0.03783643631097269,3.9016337453974557,3.2519999861717226,2.6023662269459895,43.58973552825188,30.650969508319758,KZR
2020-02-05,3.0899999141693115,3.1700000762939453,2.9700000286102295,3.0,3.0,247000,2.99399995803833,3.009999966621399,3.2019999861717223,3.1648000049591065,3.182999999523163,6.3192000317573545,44.49042325101901,-0.10033997804364425,-0.06988916575918755,-0.030450812284456702,3.761306713821639,3.2019999861717223,2.6426932585218057,41.02563497952226,38.65477637616289,KZR
2020-02-06,3.4700000286102295,3.859999895095825,3.0299999713897705,3.8499999046325684,3.8499999046325684,649100,3.209999942779541,3.071999955177307,3.1979999780654906,3.184400005340576,3.1862999987602234,6.239650030136108,63.20393981567274,-0.03156815324415119,-0.06222496325618028,0.030656810012029093,3.7372067758097467,3.1979999780654906,2.6587931803212346,58.69424446686097,47.76987165821169,KZR
2020-02-07,3.859999895095825,4.949999809265137,3.4100000858306885,3.7300000190734863,3.7300000190734863,800600,3.341999959945679,3.1359999656677244,3.193499982357025,3.2028000068664553,3.188499999046326,6.158300030231476,60.12238209027516,0.013100016662352942,-0.04715996727247364,0.06025998393482658,3.713010319854267,3.193499982357025,2.673989644859783,60.638209834970716,53.45269642711798,KZR
2020-02-10,3.75,5.199999809265137,3.7300000190734863,5.019999980926514,5.019999980926514,1130400,3.727999973297119,3.337999963760376,3.2799999833106996,3.251200008392334,3.2009999990463256,6.08540002822876,74.51001366606876,0.15085313800002798,-0.0075573462179733125,0.1584104842180013,4.231483030901601,3.2799999833106996,2.3285169357197977,79.51209235755091,66.28151555312752,KZR
2020-02-11,5.050000190734863,5.5,5.050000190734863,5.25,5.25,707000,4.169999980926514,3.5689999580383303,3.3829999804496764,3.302400007247925,3.217300000190735,6.01165002822876,76.16145340868209,0.27540782845563516,0.04903568871674839,0.22637213973888676,4.6626264915935645,3.3829999804496764,2.1033734693057884,76.84756334467248,72.33262184573135,KZR
2020-02-12,5.150000095367432,5.340000152587891,4.829999923706055,5.159999847412109,5.159999847412109,384600,4.601999950408936,3.797999954223633,3.4839999675750732,3.3534000062942506,3.2339999985694887,5.938450031280517,74.13736112226681,0.36267536204255446,0.11176362338190961,0.25091173866064487,4.9727497571498125,3.4839999675750732,1.9952501780003342,90.67910634575009,82.34625401599114,KZR
2020-02-13,5.079999923706055,5.449999809265137,5.079999923706055,5.349999904632568,5.349999904632568,284200,4.9019999504089355,4.0559999465942385,3.59399995803833,3.4086000061035158,3.2521999979019167,5.870850026607513,75.61097817427562,0.44207100845396585,0.17782510039632088,0.264245908057645,5.279839782708495,3.59399995803833,1.9081601333681653,91.28386021313337,86.27017663451863,KZR
2020-02-14,5.429999828338623,5.460000038146973,5.110000133514404,5.130000114440918,5.130000114440918,853800,5.181999969482422,4.26199996471405,3.6829999685287476,3.4586000061035156,3.2662999987602235,5.80175002336502,70.59517980891137,0.4816878876675159,0.2385976578505599,0.24309022981695602,5.49140368392421,3.6829999685287476,1.8745962531332858,89.87043396114092,90.61113350667478,KZR
2020-02-18,5.21999979019165,5.340000152587891,4.920000076293945,5.150000095367432,5.150000095367432,296600,5.207999992370605,4.467999982833862,3.7769999742507934,3.5070000076293946,3.2821000003814698,5.732550024986267,70.78491781119813,0.5088328725649474,0.2926447007934374,0.21618817177150995,5.682592813770871,3.7769999742507934,1.8714071347307162,89.75265124836989,90.30231514088138,KZR
2020-02-19,5.179999828338623,5.599999904632568,5.039999961853027,5.239999771118164,5.239999771118164,201900,5.205999946594238,4.687999963760376,3.8644999623298646,3.558800001144409,3.2975999975204466,5.662300019264221,71.67078058196024,0.531481106973934,0.3404119820295367,0.19106912494439732,5.867562358650172,3.8644999623298646,1.8614375660095566,87.42387197277291,89.01565239409456,KZR
2020-02-20,5.170000076293945,5.75,5.170000076293945,5.75,5.75,409100,5.323999977111816,4.962999963760376,3.9864999651908875,3.6207999992370605,3.3223999977111816,5.586000018119812,76.09435994823659,0.5838524643621588,0.3891000784960611,0.19475238586609767,6.131785723507167,3.9864999651908875,1.841214206874608,91.78193905797792,89.6528207597069,KZR
2020-02-21,5.800000190734863,5.940000057220459,5.170000076293945,5.28000020980835,5.28000020980835,431900,5.310000038146972,5.105999994277954,4.08899997472763,3.6730000019073485,3.3446000003814698,5.511050016880035,65.88420156396619,0.5807377045300992,0.4274276037028687,0.1533101008272305,6.275411674267423,4.08899997472763,1.9025882751878376,88.49702947767935,89.23428016947672,KZR
2020-02-24,5.139999866485596,5.579999923706055,5.079999923706055,5.349999904632568,5.349999904632568,290000,5.353999996185303,5.267999982833862,4.201999974250794,3.7269999980926514,3.3652999997138977,5.438450012207031,66.60294087997065,0.577263293370958,0.4573947416364866,0.11986855173447147,6.403759284611596,4.201999974250794,2.000240663889991,85.97081943929682,88.74992932498468,KZR
2020-02-25,5.380000114440918,5.650000095367432,5.349999904632568,5.5,5.5,347500,5.423999977111817,5.315999984741211,4.326999974250794,3.782799997329712,3.3907999992370605,5.366350011825562,68.15135422164839,0.5799284968696492,0.4819014926831191,0.0980270041865301,6.525464003183194,4.326999974250794,2.1285359453183936,81.03254723972437,85.16679871890015,KZR
2020-02-26,5.489999771118164,5.579999923706055,5.21999979019165,5.28000020980835,5.28000020980835,268800,5.432000064849854,5.319000005722046,4.443999981880188,3.834000000953674,3.4121000003814697,5.289500014781952,63.50111349965447,0.5578579066967011,0.4970927754858355,0.060765131210865575,6.58301288861888,4.443999981880188,2.3049870751414954,80.87981737702808,82.62772801868306,KZR
2020-02-27,5.230000019073486,5.25,4.110000133514404,4.53000020980835,4.53000020980835,306700,5.188000106811524,5.25600004196167,4.526999998092651,3.870600004196167,3.4262000036239626,5.213400015830993,50.78018284103539,0.47437971887804675,0.49255016416427777,-0.01817044528623102,6.540406105073206,4.526999998092651,2.5135938911120963,68.92451901571606,76.94562787748947,KZR
2020-02-28,4.429999828338623,4.539999961853027,4.230000019073486,4.380000114440918,4.380000114440918,250600,5.008000087738037,5.159000062942505,4.607500004768371,3.9036000061035154,3.4389000058174135,5.13475001335144,48.6797869104994,0.39160472401784663,0.47236107613499156,-0.08075635211714494,6.455416433728783,4.607500004768371,2.7595835758079597,50.3333807197792,66.71257237084109,KZR
2020-03-02,4.28000020980835,4.949999809265137,4.199999809265137,4.900000095367432,4.900000095367432,242300,4.91800012588501,5.136000061035157,4.6990000128746034,3.944200010299683,3.456700007915497,5.057550013065338,55.54458889595658,0.3637712681298577,0.4506431145339648,-0.08687184640410706,6.409449102762952,4.6990000128746034,2.9885509229862546,38.94998241342415,52.735960716306444,KZR
2020-03-03,4.909999847412109,5.289999961853027,4.829999923706055,5.139999866485596,5.139999866485596,318300,4.846000099182129,5.1350000381469725,4.801500010490417,3.986400008201599,3.4772000074386598,4.980300011634827,58.31600108505665,0.35696416884094617,0.43190732539536103,-0.07494315655441486,6.352219521461116,4.801500010490417,3.250780499519719,42.95510263201803,44.07948858840711,KZR
2020-03-04,5.179999828338623,5.880000114440918,5.079999923706055,5.5,5.5,270500,4.890000057220459,5.161000061035156,4.9245000123977665,4.032000007629395,3.5011000084877013,4.905850014686584,62.12974269743879,0.3762809630249606,0.42078205292128096,-0.044501089896320345,6.274025470707988,4.9245000123977665,3.5749745540875453,58.46993980212915,46.79167494919042,KZR
2020-03-05,5.400000095367432,5.710000038146973,4.869999885559082,5.019999980926514,5.019999980926514,187300,4.988000011444091,5.088000059127808,5.025500011444092,4.06260000705719,3.519000008106232,4.832650015354156,54.91536257894366,0.3488365015276571,0.4063929426425562,-0.057556441114899104,6.046038571544587,5.025500011444092,4.004961451343597,60.65573015844899,54.02692419753203,KZR
2020-03-06,4.829999923706055,4.949999809265137,4.5,4.900000095367432,4.900000095367432,188400,5.0920000076293945,5.0500000476837155,5.078000020980835,4.08680000782013,3.5358000087738035,4.759300017356873,53.250615138984514,0.31378644536377287,0.38787164318679956,-0.0740851978230267,5.948209130454428,5.078000020980835,4.207790911507242,56.28414944580931,58.469939802129126,KZR
2020-03-09,4.510000228881836,4.730000019073486,4.309999942779541,4.360000133514404,4.360000133514404,190100,4.984000015258789,4.951000070571899,5.1095000267028805,4.096800012588501,3.5467000102996824,4.689750015735626,46.4296272555177,0.23967274120876425,0.3582318627911925,-0.11855912158242826,5.811624559404036,5.1095000267028805,4.407375494001725,35.51912368965325,50.81966776463716,KZR
2020-03-10,4.630000114440918,4.630000114440918,4.0,4.110000133514404,4.110000133514404,248900,4.778000068664551,4.81200008392334,5.064000034332276,4.103000016212463,3.556300010681152,4.625300016403198,43.64246118621538,0.15893211554647824,0.3183719133422497,-0.15943979779577144,5.890375141566174,5.064000034332276,4.237624927098378,20.833570395132586,37.545614510198355,KZR
2020-03-11,4.010000228881836,4.199999809265137,3.8399999141693115,3.990000009536743,3.990000009536743,213800,4.476000070571899,4.683000063896179,5.001000034809112,4.108200016021729,3.5635000109672545,4.56080001950264,42.32895663380097,0.08428993893482772,0.2715555184607653,-0.1872655795259376,5.944819843513438,5.001000034809112,4.057180226104787,8.824724586886985,21.725806223890913,KZR
2020-03-12,3.7200000286102295,3.8499999046325684,3.240000009536743,3.4600000381469727,3.4600000381469727,253700,4.164000082015991,4.576000046730042,4.916000044345855,4.092200012207031,3.5612000107765196,4.528600021600723,37.02824358268687,-0.017430167967897425,0.21375838117503276,-0.2311885491429302,6.070025974578206,4.916000044345855,3.7619741141135044,7.048768363746988,12.23568778192216,KZR
2020-03-13,3.640000104904175,3.75,3.069999933242798,3.259999990463257,3.259999990463257,296700,3.8360000610351563,4.464000034332275,4.81150004863739,4.07720000743866,3.5585000109672547,4.4955500221252445,35.2351152849899,-0.11288119378419914,0.1484304661831864,-0.26131165996738553,6.152727438449582,4.81150004863739,3.4702726588251975,7.412587573372643,7.762026841335512,KZR
2020-03-16,3.0199999809265137,3.0999999046325684,2.759999990463257,3.009999990463257,3.009999990463257,150200,3.5660000324249266,4.275000023841858,4.705500042438507,4.065800008773803,3.5522000098228457,4.461900023221969,33.07875184878727,-0.20632138559145297,0.07748009582825852,-0.2838014814197115,6.249112344625388,4.705500042438507,3.1618877402516254,7.7025739056476565,7.387976614255735,KZR
2020-03-17,3.069999933242798,3.2799999713897705,2.75,2.9200000762939453,2.9200000762939453,153700,3.328000020980835,4.053000044822693,4.594000041484833,4.046000008583069,3.5467000102996824,4.429150022268296,32.312099949478096,-0.2843577525469225,0.005112526153222302,-0.28947027870014486,6.306044405694381,4.594000041484833,2.881955677275284,6.735233258034168,7.283464912351462,KZR
2020-03-18,2.7799999713897705,2.990000009536743,2.180000066757202,2.8299999237060547,2.8299999237060547,140100,3.096000003814697,3.7860000371932983,4.473500049114227,4.027800006866455,3.538900010585785,4.396850022077561,31.52524725352202,-0.34943631145013443,-0.06579724136744905,-0.2836390700826854,6.320630544056003,4.473500049114227,2.6263695541724505,10.337231937471708,8.258346367051152,KZR
2020-03-19,2.859999895095825,3.619999885559082,2.799999952316284,3.490000009536743,3.490000009536743,210800,3.1019999980926514,3.633000040054321,4.360500049591065,4.01760000705719,3.540000009536743,4.369200019836426,42.569925380339015,-0.3437920266903718,-0.12139619843203361,-0.22239582825833817,6.157269123908187,4.360500049591065,2.563730975273942,19.46809300687173,12.180186067459175,KZR
2020-03-20,3.5899999141693115,4.25,3.4700000286102295,3.9800000190734863,3.9800000190734863,1853300,3.2460000038146974,3.5410000324249267,4.295500040054321,4.018600006103515,3.5459000086784362,4.344850018024444,49.13016496180633,-0.29636368856295014,-0.15638969645821693,-0.1399739921047332,6.048023662485745,4.295500040054321,2.5429764176228975,33.87387120349301,21.226398715945454,KZR
2020-03-23,4.070000171661377,4.480000019073486,3.609999895095825,4.460000038146973,4.460000038146973,263200,3.5360000133514404,3.5510000228881835,4.2510000467300415,4.031400008201599,3.5554000091552735,4.322400019168854,54.60103188589925,-0.21753677040525732,-0.16861911124762502,-0.0489176591576323,5.938138484011376,4.2510000467300415,2.563861609448707,48.558556729928206,33.96684031343096,KZR
2020-03-24,4.599999904632568,4.900000095367432,4.400000095367432,4.699999809265137,4.699999809265137,299700,3.8919999599456787,3.609999990463257,4.2110000371932985,4.059600005149841,3.5677000069618225,4.29960001707077,57.08615282239599,-0.1341534565411684,-0.1617259803063337,0.027572523765165308,5.81360918611202,4.2110000371932985,2.6083908882745774,60.55278735145566,47.66173842829227,KZR
2020-03-25,4.71999979019165,5.0,4.099999904632568,4.71999979019165,4.71999979019165,372700,4.269999933242798,3.6829999685287476,4.183000016212463,4.090199999809265,3.579900004863739,4.275400013923645,57.295937697603335,-0.06570039498922675,-0.1425208632429123,0.07682046825368555,5.728472097939776,4.183000016212463,2.63752793448515,74.36020987739356,61.157184652925785,KZR
2020-03-26,4.71999979019165,4.96999979019165,4.670000076293945,4.840000152587891,4.840000152587891,150100,4.539999961853027,3.8209999799728394,4.19850001335144,4.124200000762939,3.595800006389618,4.2526000165939335,58.60354557642633,-0.0017476780267315917,-0.11436622619967615,0.11261854817294456,5.763674433255394,4.19850001335144,2.633325593447486,85.26175199643767,73.3915830750956,KZR
2020-03-27,4.690000057220459,4.909999847412109,4.019999980926514,4.579999923706055,4.579999923706055,120000,4.659999942779541,3.952999973297119,4.208500003814697,4.152799997329712,3.6093000054359434,4.228350014686584,54.69570011866358,0.02763688456045177,-0.08596560404765057,0.11360248860810233,5.780724842845566,4.208500003814697,2.636275164783828,89.8345135476007,83.15215847381062,KZR
2020-03-30,4.579999923706055,4.630000114440918,4.099999904632568,4.46999979019165,4.46999979019165,135100,4.661999893188477,4.098999953269958,4.186999988555908,4.175199995040893,3.623100004196167,4.201650011539459,53.08292974057288,0.04156908807848669,-0.06045866562242311,0.1020277537009098,5.732342634758572,4.186999988555908,2.6416573423532443,86.87943073532892,87.3252320931224,KZR
2020-03-31,4.400000095367432,4.5,3.890000104904175,4.360000133514404,4.360000133514404,191100,4.59399995803833,4.242999958992004,4.148000001907349,4.196999998092651,3.6379000043869016,4.178800010681153,51.44919794294134,0.043236008956500704,-0.03971973070663834,0.08295573966313904,5.633376706619877,4.148000001907349,2.6626232971948203,81.2056715103122,85.97320526441389,KZR
2020-04-01,4.21999979019165,4.21999979019165,3.5999999046325684,3.609999895095825,3.609999895095825,211800,4.371999979019165,4.320999956130981,4.05349999666214,4.199399995803833,3.643100004196167,4.156350008249283,41.96558333361594,-0.015779795801597274,-0.03493174372563013,0.019151947924032853,5.418392290931035,4.05349999666214,2.688607702393245,69.73994986051535,79.27501736871879,KZR
2020-04-02,3.609999895095825,4.0,3.430000066757202,3.8499999046325684,3.8499999046325684,123200,4.173999929428101,4.356999945640564,3.9949999928474424,4.2101999950408935,3.652400002479553,4.136300007104873,45.43190319857027,-0.042692123033055474,-0.0364838195871152,-0.006208303445940276,5.287555595807691,3.9949999928474424,2.7024443898871935,62.41134583881091,71.11898906987945,KZR
2020-04-03,3.7699999809265137,4.039999961853027,3.5199999809265137,3.5999999046325684,3.5999999046325684,172600,3.9779999256134033,4.318999934196472,3.9299999833106996,4.217599992752075,3.659500000476837,4.113500007390976,42.57897003474835,-0.08323377971829427,-0.04583381161335101,-0.037399968104943254,5.163369335374605,3.9299999833106996,2.6966306312467943,53.42789138404561,61.85972902779059,KZR
2020-04-06,3.799999952316284,4.170000076293945,3.569999933242798,3.9600000381469727,3.9600000381469727,170100,3.8759999752044676,4.268999934196472,3.909999978542328,4.234999995231629,3.66960000038147,4.092600005865097,47.674521712395034,-0.0853306934822946,-0.05373318798713973,-0.03159750549515487,5.127702706087351,3.909999978542328,2.6922972509973055,57.565009012138034,57.80141541166481,KZR
2020-04-07,4.019999980926514,4.019999980926514,3.6700000762939453,3.7300000190734863,3.7300000190734863,168100,3.7499999523162844,4.1719999551773075,3.890999972820282,4.2495999956130985,3.6808000016212463,4.071200004816055,44.93119164945508,-0.10434872495018244,-0.06385629537974827,-0.04049242957043417,5.10748503910134,3.890999972820282,2.6745149065392235,51.915967539499086,54.302955978560874,KZR
2020-04-08,3.809999942779541,3.940000057220459,3.7300000190734863,3.8299999237060547,3.8299999237060547,89800,3.79399995803833,4.082999968528748,3.8829999685287477,4.26739999294281,3.6919000005722045,4.0520500051975255,46.375990535795744,-0.11008253242641164,-0.07310154278908094,-0.036980989637330694,5.0988798622495795,3.8829999685287477,2.667120074807916,43.62366540821435,51.034880653283786,KZR
2020-04-09,3.9200000762939453,4.199999809265137,3.9000000953674316,4.199999809265137,4.199999809265137,129800,3.863999938964844,4.018999934196472,3.9199999570846558,4.293999991416931,3.7077999997138975,4.0349000036716465,51.45133685828569,-0.08380466955063604,-0.07524216814139197,-0.00856250140924407,5.127145313256321,3.9199999570846558,2.71285460091299,38.93166668031936,44.82376654267756,KZR
2020-04-13,4.150000095367432,4.400000095367432,4.070000171661377,4.239999771118164,4.239999771118164,84400,3.9919999122619627,3.984999918937683,3.968999946117401,4.323399987220764,3.724899997711182,4.020650001764298,51.980472423441185,-0.05907068122891079,-0.07200787075889573,0.012937189529984933,5.144140746291672,3.968999946117401,2.79385914594313,42.03820356705601,41.5311785518632,KZR
2020-04-14,4.389999866485596,4.699999809265137,4.320000171661377,4.449999809265137,4.449999809265137,129000,4.089999866485596,3.9829999208450317,4.040999937057495,4.350999984741211,3.7439999961853028,4.007050000429153,54.76776286457575,-0.02226689039841201,-0.06205967468679898,0.03979278428838697,5.146692433248657,4.040999937057495,2.9353074408663327,55.20168365032129,45.390517965898844,KZR
2020-04-15,4.360000133514404,4.5,4.050000190734863,4.389999866485596,4.389999866485596,145900,4.221999835968018,3.985999894142151,4.114499926567078,4.376999983787536,3.7628999948501587,3.9904499995708465,53.80677598364062,0.0020354219723959233,-0.04924065535496,0.05127607732735592,5.101403647749431,4.114499926567078,3.127596205384724,59.63271326906021,52.29086682881246,KZR
2020-04-16,4.369999885559082,4.460000038146973,4.0,4.380000114440918,4.380000114440918,172400,4.33199987411499,4.06299991607666,4.191999936103821,4.403799986839294,3.7802999949455263,3.9769999992847445,53.63785370644487,0.02025479848758671,-0.03534156458645066,0.05559636307403737,4.988281272977292,4.191999936103821,3.3957185992303502,63.83166722678595,59.555354715389115,KZR
2020-04-17,4.460000038146973,4.579999923706055,4.289999961853027,4.550000190734863,4.550000190734863,119700,4.4019999504089355,4.1329999446868895,4.244999945163727,4.434799990653992,3.799799997806549,3.9646999990940093,56.15777574258666,0.0478596745102573,-0.018701316767109066,0.06656099127736637,4.986552384775889,4.244999945163727,3.503447505551564,71.57195549088986,65.01211199557865,KZR
2020-04-20,4.420000076293945,4.78000020980835,4.28000020980835,4.519999980926514,4.519999980926514,145200,4.457999992370605,4.224999952316284,4.271999943256378,4.4481999921798705,3.8162999987602233,3.953199998140335,55.58361928658143,0.06654883785373222,-0.0016512858429408063,0.06820012369667303,5.012313412588856,4.271999943256378,3.5316864739239002,77.70631059062558,71.03664443610043,KZR
2020-04-21,4.409999847412109,4.539999961853027,4.150000095367432,4.46999979019165,4.46999979019165,115700,4.461999988555908,4.275999927520752,4.272499930858612,4.462999987602234,3.8328999972343443,3.9400499975681305,54.58200187216078,0.07644433422827479,0.013967838171302312,0.062476496056972475,5.013333929583143,4.272499930858612,3.5316659321340813,81.9889127450485,77.08905960885461,KZR
2020-04-22,4.590000152587891,4.650000095367432,4.190000057220459,4.639999866485596,4.639999866485596,90500,4.511999988555909,4.366999912261963,4.269499933719635,4.455399985313416,3.8532999968528747,3.927449997663498,57.39322821140858,0.09688731514655569,0.030551733566352986,0.0663355815802027,5.003842513899006,4.269499933719635,3.5351573535402636,82.46911317069429,80.72144550212276,KZR
2020-04-23,4.590000152587891,4.800000190734863,4.349999904632568,4.639999866485596,4.639999866485596,102800,4.563999938964844,4.447999906539917,4.265499937534332,4.443199982643128,3.872799994945526,3.913549996614456,57.39322821140856,0.11179976669054703,0.046801340191191795,0.06499842649935524,4.9907992144443725,4.265499937534332,3.5402006606242917,84.72219680056851,83.06007423877041,KZR
2020-04-24,4.619999885559082,4.800000190734863,4.389999866485596,4.699999809265137,4.699999809265137,132000,4.593999862670898,4.497999906539917,4.258499920368195,4.433999981880188,3.8936999940872195,3.8991499960422518,58.44604139492605,0.12699556015397295,0.06284018418374802,0.06415537597022493,4.96391537838738,4.258499920368195,3.5530844623490094,89.6664904671706,85.61926681281112,KZR
2020-04-27,4.710000038146973,4.909999847412109,4.550000190734863,4.690000057220459,4.690000057220459,143000,4.627999877929687,4.542999935150147,4.263999927043915,4.4207999849319455,3.9146999955177306,3.886699997186661,58.18797644840695,0.13665615247470075,0.07760337784193858,0.05905277463276218,4.980976908062234,4.263999927043915,3.547022946025595,87.20931475520877,87.19933400764927,KZR
2020-04-28,4.840000152587891,5.150000095367432,4.670000076293945,4.889999866485596,4.889999866485596,103000,4.711999893188477,4.586999940872192,4.284999930858612,4.415999979972839,3.9372999930381773,3.8753999960422516,61.81913118635038,0.1586220582801845,0.09380711392958777,0.06481494435059673,5.048007130550777,4.284999930858612,3.521992731166447,85.27269775302447,87.3828343251346,KZR
2020-04-29,5.0,5.380000114440918,4.929999828338623,5.0,5.0,251400,4.783999919891357,4.647999954223633,4.316999924182892,4.412999978065491,3.9599999928474428,3.8664499962329866,63.68703126289875,0.18279909418272222,0.11160550998021465,0.07119358420250757,5.141138263411099,4.316999924182892,3.492861584954685,79.42417359814249,83.96872870212523,KZR
2020-04-30,4.989999771118164,5.0,4.559999942779541,4.699999809265137,4.699999809265137,219600,4.795999908447266,4.679999923706054,4.371499919891358,4.40219997882843,3.9804999899864195,3.856649996042252,55.68566347190812,0.1757263966211582,0.12442968730840336,0.05129670931275483,5.143957671632972,4.371499919891358,3.5990421681497438,68.91302076213431,77.86996403776708,KZR
2020-05-01,4.550000190734863,4.639999866485596,4.230000019073486,4.559999942779541,4.559999942779541,135100,4.767999935150146,4.680999898910523,4.406999921798706,4.378399977684021,3.999599988460541,3.847199996709824,52.37848999111584,0.1570144488219798,0.13094663961111863,0.02606780921086116,5.144810179403486,4.406999921798706,3.6691896641939246,55.209546403110686,67.8489135877958,KZR
2020-05-04,4.480000019073486,5.179999828338623,4.460000038146973,5.159999847412109,5.159999847412109,88800,4.861999893188477,4.744999885559082,4.4849999189376835,4.375999970436096,4.0244999861717226,3.8443499958515166,62.62364933192445,0.18842799266713595,0.14244291022232208,0.04598508244481386,5.19435170054227,4.4849999189376835,3.7756481373330972,58.45409175774381,60.858886307662914,KZR
2020-05-05,5.400000095367432,5.480000019073486,4.989999771118164,5.130000114440918,5.130000114440918,139200,4.909999942779541,4.810999917984009,4.54349992275238,4.371599974632264,4.049299986362457,3.8408999955654144,61.90651126484177,0.2084992748994896,0.1556541831577556,0.05284509174173402,5.2629240144772425,4.54349992275238,3.824075831027517,66.99633790660293,60.21999202248579,KZR
2020-05-06,5.170000076293945,5.369999885559082,4.829999923706055,5.210000038146973,5.210000038146973,510400,4.951999950408935,4.867999935150147,4.617499923706054,4.365799975395203,4.074299986362457,3.837249995470047,63.11939536740021,0.22823033865467135,0.17016941425713875,0.058060924397532604,5.289924704106548,4.617499923706054,3.9450751433055604,80.0361864921203,68.49553871882232,KZR
2020-05-07,5.28000020980835,6.170000076293945,5.010000228881836,6.079999923706055,6.079999923706055,269800,5.227999973297119,5.011999940872192,4.729999923706055,4.381799969673157,4.1078999853134155,3.837649995088577,73.13655454167323,0.31048993402136915,0.19823351820998483,0.11225641581138432,5.569809476698063,4.729999923706055,3.8901903707140475,83.86505111641875,76.96585850504731,KZR
2020-05-08,6.170000076293945,6.320000171661377,5.679999828338623,6.010000228881836,6.010000228881836,403400,5.5180000305175785,5.142999982833862,4.8204999446868895,4.411399970054626,4.140999987125396,3.8377499973773954,71.45488710636589,0.3658159668836998,0.23175000794472783,0.13406595893897194,5.792106450477718,4.8204999446868895,3.848893438896061,86.9860280342751,83.62908854760468,KZR
2020-05-11,6.349999904632568,6.670000076293945,6.099999904632568,6.269999980926514,6.269999980926514,773900,5.740000057220459,5.300999975204467,4.9219999551773075,4.449199967384338,4.176399986743927,3.840299996137619,73.85917453400431,0.4257344518605004,0.27054689672788235,0.15518755513261806,6.042546328285488,4.9219999551773075,3.8014535820691266,88.37659991115972,86.40922635395115,KZR
2020-05-12,6.309999942779541,6.349999904632568,5.75,5.829999923706055,5.829999923706055,224100,5.880000019073487,5.394999980926514,4.990999960899353,4.467799963951111,4.205999987125397,3.8408999955654144,64.03028335529403,0.4327277394929947,0.3029830652809048,0.1297446742120899,6.155867392047101,4.990999960899353,3.826132529751605,78.38633930649684,84.58298908397718,KZR
2020-05-13,5.900000095367432,6.070000171661377,5.300000190734863,5.5,5.5,160000,5.938000011444092,5.4449999809265135,5.046499967575073,4.474999966621399,4.230699987411499,3.8395499956607817,57.815963090664425,0.40695066051064277,0.3237765843268524,0.08317407618379036,6.197226309694937,5.046499967575073,3.89577362545521,67.16463579720534,77.97585833828725,KZR
2020-05-14,5.329999923706055,5.329999923706055,4.809999942779541,5.159999847412109,5.159999847412109,116400,5.753999996185303,5.490999984741211,5.085499954223633,4.468199963569641,4.250099985599518,3.8359499943256377,52.19527654085325,0.3549948096996731,0.33002022940141656,0.024974580298256555,6.195373439046671,5.085499954223633,3.9756264694005945,51.91256318010781,65.82117942793663,KZR
2020-05-15,5.190000057220459,5.210000038146973,4.809999942779541,5.170000076293945,5.170000076293945,155900,5.585999965667725,5.5519999980926515,5.116499948501587,4.471199965476989,4.26689998626709,3.833649994134903,52.34203145069798,0.31104087293863625,0.3262243581088605,-0.015183485170224276,6.199113087401625,5.116499948501587,4.033886809601548,42.89617203346234,53.99112367025845,KZR
2020-05-18,5.420000076293945,5.480000019073486,4.900000095367432,5.110000133514404,5.110000133514404,261500,5.353999996185303,5.5470000267028805,5.145999956130981,4.475399966239929,4.2810999870300295,3.8324499952793123,51.323984576026284,0.2682730823435735,0.31463410295580313,-0.04636102061222963,6.193576308467186,5.145999956130981,4.098423603794776,37.56830512991445,44.12568011449483,KZR
2020-05-19,5.039999961853027,5.139999866485596,4.710000038146973,4.809999942779541,4.809999942779541,247600,5.15,5.5150000095367435,5.162999963760376,4.484399962425232,4.290599987506867,3.830449994802475,46.45838172812827,0.2077766718490075,0.293262616734444,-0.08548594488543648,6.176629171045205,5.162999963760376,4.149370756475546,32.786885779849996,37.75045431440889,KZR
2020-05-20,4.789999961853027,5.269999980926514,4.710000038146973,5.170000076293945,5.170000076293945,192600,5.084000015258789,5.51100001335144,5.1894999742507935,4.505599961280823,4.304299988746643,3.8349499952793122,52.30200523179421,0.18672933328775887,0.27195596004510697,-0.0852266267573481,6.174354860821445,5.1894999742507935,4.204645087680142,32.786885779849996,34.38069222987144,KZR
2020-05-21,5.090000152587891,5.440000057220459,4.900000095367432,5.199999809265137,5.199999809265137,117000,5.0920000076293945,5.423000001907349,5.2174999713897705,4.52979995727539,4.31899998664856,3.837949994802475,52.76466015580823,0.17050442470000604,0.2516656529760868,-0.08116122827608074,6.169568836474242,5.2174999713897705,4.265431106305299,31.926410561980603,32.50006070722683,KZR
2020-05-22,5.239999771118164,5.690000057220459,5.079999923706055,5.510000228881836,5.510000228881836,167800,5.160000038146973,5.373000001907348,5.257999992370605,4.570799961090088,4.331499986648559,3.8430499970912932,57.36655863230023,0.18057890956848333,0.2374483042945661,-0.05686939472608277,6.187206166280475,5.257999992370605,4.328793818460735,37.6083596781637,34.107218673331396,KZR
2020-05-26,5.730000019073486,5.730000019073486,5.25,5.269999980926514,5.269999980926514,192500,5.192000007629394,5.273000001907349,5.286999988555908,4.610999960899353,4.344099984169007,3.846049996614456,53.05687171803898,0.1672688262573967,0.22341240868713222,-0.05614358242973552,6.1789440054068505,5.286999988555908,4.3950559717049655,34.290637508278515,34.60846924947423,KZR
2020-05-27,5.320000171661377,5.449999809265137,4.920000076293945,5.300000190734863,5.300000190734863,141000,5.290000057220459,5.2200000286102295,5.307500004768372,4.656799964904785,4.3612999868392945,3.848149996995926,53.5268591379448,0.15732767998689834,0.21019546294708544,-0.0528677829601871,6.180652401663613,5.307500004768372,4.43434760787313,33.16326952635972,35.020755570933936,KZR
2020-05-28,5.360000133514404,5.510000228881836,5.059999942779541,5.25,5.25,110300,5.30600004196167,5.195000028610229,5.320000004768372,4.7033999633789065,4.374699985980987,3.851899996995926,52.5819651809204,0.14375750538601295,0.19690787143487093,-0.05315036604885798,6.182276125119078,5.320000004768372,4.457723884417666,28.741497012388308,32.06513468234213,KZR
2020-05-29,5.179999828338623,5.289999961853027,4.710000038146973,4.769999980926514,4.769999980926514,168000,5.220000076293945,5.15600004196167,5.32350001335144,4.742199964523316,4.384999985694885,3.851849995851517,44.46673519678367,0.09319674022690982,0.1761656451932787,-0.08296890496636888,6.176196362732133,5.32350001335144,4.470803663970747,20.238095817343588,27.380954118697158,KZR
2020-06-01,4.769999980926514,5.010000228881836,4.659999847412109,4.889999866485596,4.889999866485596,83700,5.096000003814697,5.128000020980835,5.340000009536743,4.770199961662293,4.3938999843597415,3.8526499950885773,46.682178674763215,0.062094174460509244,0.15335135104672482,-0.09125717658621557,6.144363154306928,5.340000009536743,4.535636864766557,14.74056918663773,21.240054005456493,KZR
2020-06-02,4.889999866485596,5.090000152587891,4.46999979019165,4.869999885559082,4.869999885559082,848800,5.015999984741211,5.103999996185303,5.325500011444092,4.787999958992004,4.40329998254776,3.8528499948978423,46.35028929903949,0.03542300138488308,0.12976568111435646,-0.09434267972947338,6.1524577374015,5.325500011444092,4.498542285486684,13.89022987808079,16.289631627353987,KZR
2020-06-03,4.889999866485596,5.03000020980835,4.409999847412109,4.46999979019165,4.46999979019165,734800,4.849999904632568,5.0699999809265135,5.292499995231628,4.788199954032898,4.409799981117248,3.8508499944210053,40.19523359938534,-0.017785737280713754,0.10025539743534242,-0.11804113471605618,6.197063514287929,5.292499995231628,4.3879364761753274,14.384972580962957,14.338590548560441,KZR
2020-06-04,6.75,9.789999961853027,6.559999942779541,7.75,7.75,20848300,5.349999904632568,5.3279999732971195,5.41949999332428,4.8491999578475955,4.454399981498718,3.8646499955654146,72.4741428170207,0.20238162935950665,0.12068064382017527,0.08170098553933139,6.819578265439407,5.41949999332428,4.019421721209152,30.542411840566498,19.605871433203365,KZR
2020-06-05,7.599999904632568,7.800000190734863,6.53000020980835,6.880000114440918,6.880000114440918,1409300,5.771999931335449,5.496000003814697,5.459500002861023,4.89239996433258,4.491299982070923,3.8769499957561493,62.793045098787836,0.3031693858067097,0.15717839221748214,0.14599099358922757,6.973824688701747,5.459500002861023,3.9451753170202988,37.51267339253729,27.48001927135553,KZR
2020-06-08,6.579999923706055,7.150000095367432,6.210000038146973,6.260000228881836,6.260000228881836,1090500,6.046000003814697,5.571000003814698,5.472000002861023,4.92079996585846,4.522499983310699,3.886749995946884,56.95423151375319,0.3292205501488743,0.19158682380376058,0.13763372634511373,7.008263091250727,5.472000002861023,3.9357369144713186,47.45973133919694,38.50493885743353,KZR
2020-06-09,5.820000171661377,5.940000057220459,5.46999979019165,5.5,5.5,3173800,6.1720000267028805,5.594000005722046,5.433500003814697,4.939199967384338,4.545999982357025,3.893499995470047,50.72745936482023,0.28525240651584927,0.21031994034617832,0.07493246616967095,6.92580402244222,5.433500003814697,3.941195985187175,33.51921118963671,39.4972053071236,KZR
2020-06-10,5.5,5.550000190734863,5.309999942779541,5.329999923706055,5.329999923706055,1180900,6.344000053405762,5.596999979019165,5.408500003814697,4.956399970054626,4.56579998254776,3.900849995613098,49.4257608246503,0.23399243141221504,0.21505443855938566,0.018937992852829377,6.890111052650932,5.408500003814697,3.9268889549784625,23.915740571520455,34.964894366784655,KZR
2020-06-11,5.25,5.289999961853027,4.78000020980835,4.840000152587891,4.840000152587891,723000,5.76200008392334,5.555999994277954,5.375500011444092,4.965999970436096,4.581499984264374,3.904899995326996,45.779328416675654,0.15207660101205267,0.20245887104991905,-0.050382270037866383,6.876759239011521,5.375500011444092,3.8742407838766626,15.117722937763645,24.184224899640224,KZR
2020-06-12,5.190000057220459,5.239999771118164,4.820000171661377,4.840000152587891,4.840000152587891,853300,5.354000091552734,5.563000011444092,5.3595000267028805,4.990599975585938,4.594999985694885,3.909949996471405,45.779328416675654,0.08616446493201657,0.17919998982633856,-0.09303552489432199,6.876345182259945,5.3595000267028805,3.8426548711458164,11.028504639294672,16.687322716192877,KZR
2020-06-15,4.75,4.960000038146973,4.449999809265137,4.960000038146973,4.960000038146973,1039900,5.094000053405762,5.570000028610229,5.349000024795532,5.012799978256226,4.6114999866485595,3.916199996471405,46.89215578644506,0.0431146116953105,0.15198291420013293,-0.10886830250482243,6.873833205083442,5.349000024795532,3.824166844507622,8.736064257085175,11.62743061138112,KZR
2020-06-16,5.260000228881836,5.300000190734863,4.860000133514404,5.21999979019165,5.21999979019165,988100,5.038000011444092,5.605000019073486,5.354500007629395,5.0451999759674075,4.631399984359741,3.9229499959945677,49.31922914529719,0.029635480556779115,0.12751342747146216,-0.09787794691468304,6.876636417732421,5.354500007629395,3.832363597526369,11.090460970347754,10.285009955575823,KZR
2020-06-17,5.360000133514404,5.380000114440918,5.090000152587891,5.190000057220459,5.190000057220459,956700,5.0100000381469725,5.677000045776367,5.373500013351441,5.069799976348877,4.652399985790253,3.9319999957084657,49.04073865349752,0.01634404036157555,0.10527955004948483,-0.08893550968790928,6.877352144614413,5.373500013351441,3.8696478820884685,13.258985736069747,11.028503654500847,KZR
2020-06-18,5.199999809265137,5.5,5.039999961853027,5.440000057220459,5.440000057220459,926000,5.130000019073487,5.446000051498413,5.387000012397766,5.103999977111816,4.676799986362457,3.944199995994568,51.498590789924336,0.025687281913919335,0.08936109642237174,-0.0636738145084524,6.888147653070606,5.387000012397766,3.8858523717249263,16.232963486151185,13.527470064189517,KZR
2020-06-19,5.559999942779541,5.760000228881836,5.099999904632568,5.75,5.75,2126700,5.311999988555908,5.333000040054321,5.41450002193451,5.1423999786376955,4.704899985790252,3.9566999959945677,54.433435981998755,0.05744409301667108,0.08297769574123161,-0.025533602724560525,6.921078669070143,5.41450002193451,3.9079213747988764,19.516731754642052,16.336226992287617,KZR
2020-06-22,5.849999904632568,5.960000038146973,5.210000038146973,5.400000095367432,5.400000095367432,1225000,5.4,5.247000026702881,5.409000015258789,5.1663999843597415,4.730199987888336,3.9671999967098235,50.70303279257462,0.053749931624871294,0.07713214291795954,-0.023382211293088248,6.9149469636537315,5.409000015258789,3.9030530668638455,20.817847204951516,18.855847481914875,KZR
2020-06-23,5.489999771118164,5.659999847412109,5.449999809265137,5.480000019073486,5.480000019073486,847900,5.4520000457763675,5.24500002861023,5.419500017166138,5.191199989318847,4.757299988269806,3.9776999962329866,51.52084093963191,0.05662487109645298,0.07303068855365823,-0.01640581745720525,6.924351906695216,5.419500017166138,3.9146481276370593,20.86564986687421,20.400076275489216,KZR
2020-06-24,5.449999809265137,5.659999847412109,5.28000020980835,5.599999904632568,5.599999904632568,1017300,5.534000015258789,5.272000026702881,5.434500002861023,5.214199991226196,4.782599987983704,3.988799995183945,52.786093170965046,0.06780465931854263,0.0719854827066351,-0.004180823388092475,6.940268647543039,5.434500002861023,3.9287313581790073,24.006080414640966,21.89652582882219,KZR
2020-06-25,5.559999942779541,5.670000076293945,5.400000095367432,5.650000095367432,5.650000095367432,489300,5.576000022888183,5.353000020980835,5.454500007629394,5.239399995803833,4.808199989795685,3.999399995803833,53.33261935282355,0.07977966918856172,0.07354432000302043,0.006235349185541292,6.960560835852319,5.454500007629394,3.9484391794064697,32.687066789663604,25.852932357059547,KZR
2020-06-26,5.610000133514404,5.619999885559082,5.119999885559082,5.409999847412109,5.409999847412109,1365700,5.507999992370605,5.409999990463257,5.486500000953674,5.259999990463257,4.8318999886512755,4.009449994564056,50.32155655931266,0.06910731048415109,0.07265691809924656,-0.003549607615095471,6.95986730599242,5.486500000953674,4.013132695914928,47.44965310267468,34.71426676899304,KZR
2020-06-29,5.420000076293945,5.639999866485596,5.360000133514404,5.460000038146973,5.460000038146973,922400,5.519999980926514,5.459999990463257,5.5150000095367435,5.278199987411499,4.856499989032745,4.019749994277954,50.942958925041694,0.06394684739277423,0.0709149039579521,-0.006968056565177863,6.962943441139589,5.5150000095367435,4.067056577933898,58.30267479965469,46.14646489733095,KZR
2020-06-30,5.46999979019165,5.5,5.130000114440918,5.179999828338623,5.179999828338623,450400,5.459999942779541,5.4559999942779545,5.53050000667572,5.2913999843597415,4.869799988269806,4.0280499935150145,47.36960475781856,0.036838811454502185,0.0640996854572621,-0.02726087400275992,6.956970887475926,5.53050000667572,4.104029125875515,59.602646287933936,55.11832473008773,KZR
2020-07-01,5.210000038146973,5.5,5.159999847412109,5.28000020980835,5.28000020980835,438100,5.396000003814697,5.465000009536743,5.571000027656555,5.307599992752075,4.885299990177154,4.0368999946117405,48.75220014849534,0.023157744651964407,0.05591129729620257,-0.03275355264423816,6.918544481389603,5.571000027656555,4.223455573923507,56.73289754844698,58.21273954534516,KZR
2020-07-02,5.349999904632568,5.429999828338623,5.179999828338623,5.25,5.25,495600,5.315999984741211,5.446000003814698,5.446000027656555,5.319799995422363,4.88759999036789,4.044299994707107,48.34191139753392,0.009781875068092027,0.04668541285058046,-0.036903537782488435,6.353951613614337,5.446000027656555,4.538048441698773,52.09713581962308,56.14422655200129,KZR
2020-07-06,5.340000152587891,5.400000095367432,5.019999980926514,5.079999923706055,5.079999923706055,600700,5.25,5.378999996185303,5.356000018119812,5.328599996566773,4.88589998960495,4.051599994897843,45.98046414805717,-0.014370528840933261,0.03447422451227772,-0.04884475335321098,5.99435418393659,5.356000018119812,4.7176458523030345,42.64900844105822,50.49301393637605,KZR
2020-07-07,5.050000190734863,5.230000019073486,4.96999979019165,5.0,5.0,736500,5.1579999923706055,5.33899998664856,5.293000006675721,5.33460000038147,4.8842999911308285,4.059149994850158,44.86967283815753,-0.039511346001582126,0.019677110409505746,-0.05918845641108787,5.796511636746475,5.293000006675721,4.789488376604966,25.336814391915272,40.027652884198815,KZR
2020-07-08,5.039999961853027,5.579999923706055,5.039999961853027,5.5,5.5,736400,5.222000026702881,5.340999984741211,5.293000006675721,5.3507999992370605,4.885799992084503,4.068999994993209,52.58019822821712,-0.018872255788396686,0.01196723716992526,-0.030839492958321946,5.796511636746475,5.293000006675721,4.789488376604966,25.521889148070205,31.169237327014525,KZR
2020-07-09,5.539999961853027,5.639999866485596,5.090000152587891,5.110000133514404,5.110000133514404,428600,5.188000011444092,5.292000007629395,5.282000017166138,5.355200004577637,4.885599992275238,4.075949995517731,47.05237565625712,-0.03359806043175073,0.0028541776495900617,-0.03645223808134079,5.791376061442882,5.282000017166138,4.772623972889393,23.569043354120016,24.80924896470179,KZR
2020-07-10,5.170000076293945,5.199999809265137,4.96999979019165,5.03000020980835,5.03000020980835,296600,5.144000053405762,5.230000019073486,5.2915000200271605,5.355800008773803,4.884399993419647,4.083249996900559,45.984422002990335,-0.05113424817808987,-0.007943507515945926,-0.04319074066214394,5.773921991738487,5.2915000200271605,4.8090780483158335,24.579151175483698,24.5566945592246,KZR
2020-07-13,5.059999942779541,5.139999866485596,4.71999979019165,4.800000190734863,4.800000190734863,543000,5.088000106811523,5.169000053405762,5.28950002193451,5.357800016403198,4.879999997615815,4.08879999756813,42.96509852107298,-0.08263828000597684,-0.02288246201395211,-0.05975581799202473,5.779662188160822,5.28950002193451,4.799337855708197,9.54106148824034,19.22975200594798,KZR
2020-07-14,4.71999979019165,4.929999828338623,4.670000076293945,4.909999847412109,4.909999847412109,289200,5.070000076293946,5.114000034332276,5.287000012397766,5.36480001449585,4.871599996089936,4.096999996900559,44.8308065828893,-0.09760427785692283,-0.03782682518254625,-0.05977745267437658,5.784316790355484,5.287000012397766,4.789683234440049,12.827238765974167,15.649150476566028,KZR
2020-07-15,5.059999942779541,5.190000057220459,4.960000038146973,5.019999980926514,5.019999980926514,311900,4.974000072479248,5.0980000495910645,5.2770000219345095,5.362000017166138,4.868999993801117,4.106799997091294,46.70817768937757,-0.09944253586028307,-0.05014996731809361,-0.049292568542189455,5.787180358489324,5.2770000219345095,4.766819685379695,22.473686610999085,14.947328955071157,KZR
2020-07-16,4.980000019073486,5.039999961853027,4.769999980926514,4.800000190734863,4.800000190734863,406100,4.91200008392334,5.0500000476837155,5.257500028610229,5.355400018692016,4.8634999966621395,4.114399998188019,43.51853866410579,-0.1172993590307927,-0.06357984566063343,-0.05371951337015926,5.807731748769533,5.257500028610229,4.707268308450925,24.13401470920301,19.811646695392046,KZR
2020-07-17,4.760000228881836,4.949999809265137,4.71999979019165,4.860000133514404,4.860000133514404,219300,4.878000068664551,5.011000061035157,5.228500032424927,5.348400020599366,4.857099997997284,4.123949998617173,44.6291022528044,-0.12516668250070673,-0.07589721302864809,-0.04926946947205864,5.798000627671458,5.228500032424927,4.658999437178396,22.6632353391804,23.090312219794125,KZR
2020-07-20,4.860000133514404,5.039999961853027,4.75,4.869999885559082,4.869999885559082,249000,4.892000007629394,4.990000057220459,5.184500026702881,5.324200019836426,4.852999994754791,4.13254999756813,44.823822983495965,-0.12910643796216714,-0.0865390580153519,-0.04256737994681524,5.721062188801924,5.184500026702881,4.647937864603837,17.869419017220505,21.555556355201265,KZR
2020-07-21,4.880000114440918,5.039999961853027,4.840000152587891,4.960000038146973,4.960000038146973,323400,4.902000045776367,4.986000061035156,5.162500023841858,5.303200016021728,4.857299993038177,4.14174999833107,46.64253733014668,-0.1235423431689826,-0.09393971504607804,-0.029602628122904567,5.697995071761343,5.162500023841858,4.627004975922373,23.367696749854414,21.3001170354184,KZR
2020-07-22,4.949999809265137,4.980000019073486,4.820000171661377,4.889999866485596,4.889999866485596,335100,4.876000022888183,4.9250000476837155,5.133000016212463,5.27560001373291,4.862399990558624,4.150649998188019,45.389374157264015,-0.12335917896874538,-0.0998236078306115,-0.02353557113813387,5.660222893469488,5.133000016212463,4.605777138955439,24.398615631643178,21.878577132905992,KZR
2020-07-23,4.849999904632568,5.050000190734863,4.769999980926514,4.880000114440918,4.880000114440918,255500,4.892000007629394,4.902000045776367,5.097000026702881,5.2566000175476075,4.862199990749359,4.159449999332428,45.202537074984214,-0.12260757266193778,-0.10438040079687676,-0.018227171865061023,5.588898366023938,5.097000026702881,4.605101687381825,24.742266183012887,24.16952618817012,KZR
2020-07-24,4.849999904632568,4.889999866485596,4.75,4.789999961853027,4.789999961853027,183400,4.877999973297119,4.878000020980835,5.054000020027161,5.242400016784668,4.858699991703033,4.167949999570847,43.46825480600845,-0.12780096937829466,-0.10906451451316033,-0.018736454865134325,5.4924700494537415,5.054000020027161,4.61552999060058,18.90033789900927,22.680406571221738,KZR
2020-07-27,4.889999866485596,4.889999866485596,4.599999904632568,4.690000057220459,4.690000057220459,195900,4.8420000076293945,4.867000007629395,5.0180000305175785,5.233000020980835,4.850599992275238,4.17585000038147,41.56026393145319,-0.13839064900563613,-0.11492974141165549,-0.023460907593980646,5.451847917330005,5.0180000305175785,4.584152143705152,14.224826397697797,19.289143493239944,KZR
2020-07-28,4.650000095367432,4.710000038146973,4.5,4.519999980926514,4.519999980926514,192900,4.753999996185303,4.828000020980835,4.971000027656555,5.2200000190734865,4.845599992275238,4.182300000190735,38.468913602530954,-0.15867156478263578,-0.12367810608585154,-0.03499345869678423,5.406793552557418,4.971000027656555,4.535206502755693,7.593123512958793,13.57276260322191,KZR
2020-07-29,4.53000020980835,4.559999942779541,4.269999980926514,4.360000133514404,4.360000133514404,287400,4.648000049591064,4.762000036239624,4.930000042915344,5.205000019073486,4.840199992656708,4.188000000715256,35.77199277326078,-0.1855164687914197,-0.13604577862696518,-0.04947069016445452,5.42911925927727,4.930000042915344,4.430880826553418,6.69522772962362,9.504392546760029,KZR
2020-07-30,4.309999942779541,4.480000019073486,4.239999771118164,4.409999847412109,4.409999847412109,207500,4.553999996185302,4.723000001907349,4.886500024795533,5.197000017166138,4.840699989795684,4.193700000047683,37.252422755254415,-0.20044607203391074,-0.1489258373083543,-0.051520234725556446,5.407202438017978,4.886500024795533,4.365797611573087,9.775520509850663,8.021290584144317,KZR
2020-07-31,4.409999847412109,4.489999771118164,4.260000228881836,4.369999885559082,4.369999885559082,264700,4.469999980926514,4.673999977111817,4.842500019073486,5.18100001335144,4.843299987316132,4.199799998998642,36.52706060388641,-0.21304964905793966,-0.16175059965827138,-0.051299049399668284,5.381308921647542,4.842500019073486,4.30369111649943,13.752131827955816,10.074293355809992,KZR
2020-08-03,4.349999904632568,4.659999847412109,4.349999904632568,4.559999942779541,4.559999942779541,236000,4.44399995803833,4.642999982833862,4.816500020027161,5.1682000160217285,4.848999986648559,4.206249998807907,42.27657659023111,-0.2053396304915669,-0.17046840582493047,-0.03487122466663642,5.3571395037614975,4.816500020027161,4.275860536292824,21.75439212901047,15.094014822272277,KZR
2020-08-04,4.53000020980835,4.639999866485596,4.460000038146973,4.639999866485596,4.639999866485596,144700,4.4679999351501465,4.610999965667725,4.798500013351441,5.150800008773803,4.860799984931946,4.210999997854233,44.55394781524327,-0.1905772045898919,-0.17449016557792277,-0.016087039011969145,5.337472241505414,4.798500013351441,4.259527785197467,32.250379714610794,22.58563455719232,KZR
2020-08-05,4.650000095367432,4.760000228881836,4.570000171661377,4.71999979019165,4.71999979019165,163500,4.539999866485596,4.59399995803833,4.759500002861023,5.139800004959106,4.875399982929229,4.216949996948242,46.81372693444349,-0.17045762109960805,-0.17368365668225982,0.003226035582651776,5.192188193365362,4.759500002861023,4.326811812356683,47.44205053576393,33.815607459795025,KZR
2020-08-06,4.670000076293945,4.760000228881836,4.489999771118164,4.559999942779541,4.559999942779541,296200,4.569999885559082,4.561999940872193,4.73199999332428,5.125,4.890899982452392,4.221549996137619,43.03590901968901,-0.1655153982600419,-0.17205000499781625,0.00653460673777434,5.14137030805254,4.73199999332428,4.322629678596019,49.38270224066266,43.02504416367909,KZR
2020-08-07,4.550000190734863,4.670000076293945,4.46999979019165,4.619999885559082,4.619999885559082,162500,4.619999885559082,4.5449999332427975,4.711499977111816,5.112399997711182,4.907899980545044,4.227299995422364,44.83377382541138,-0.15497075076218447,-0.16863415415068989,0.013663403388505413,5.099637879080746,4.711499977111816,4.323362075142886,48.55965818446418,48.46147032029688,KZR
2020-08-10,4.670000076293945,4.840000152587891,4.630000114440918,4.739999771118164,4.739999771118164,237000,4.655999851226807,4.5499999046325685,4.708499956130981,5.111799993515015,4.926999979019165,4.232949994802475,48.3451824422299,-0.1353705859171317,-0.16198144050397825,0.02661085458684656,5.094778379720384,4.708499956130981,4.322221532541579,49.382702240662645,49.10835422192978,KZR
2020-08-11,4.800000190734863,4.800000190734863,4.539999961853027,4.559999942779541,4.559999942779541,129600,4.639999866485596,4.553999900817871,4.690999960899353,5.105199995040894,4.937699978351593,4.238849993944168,43.837721138647,-0.13283060733429242,-0.15615127387004107,0.023320666535748658,5.070836808445919,4.690999960899353,4.311163113352786,49.382702240662645,49.10835422192977,KZR
2020-08-12,4.570000171661377,4.610000133514404,4.449999809265137,4.480000019073486,4.480000019073486,142800,4.591999912261963,4.56599988937378,4.6639999628067015,5.0973999977111815,4.942699978351593,4.244299993515015,41.96502029448727,-0.13570861680480917,-0.1520627424569947,0.016354125652185525,5.0226307250407976,4.6639999628067015,4.305369200572605,46.05254876754801,48.272651082957715,KZR
2020-08-13,4.519999980926514,4.590000152587891,4.429999828338623,4.5,4.5,100200,4.579999923706055,4.574999904632568,4.648999953269959,5.098000001907349,4.943099977970124,4.249249993562699,42.624905726504615,-0.13482149051201908,-0.14861449206799957,0.013793001555980483,5.008716518967193,4.648999953269959,4.289283387572724,38.809770854275094,44.748340620828536,KZR
2020-08-14,4.489999771118164,4.53000020980835,4.389999866485596,4.480000019073486,4.480000019073486,105400,4.551999950408936,4.585999917984009,4.629999947547913,5.032600002288818,4.940899980068207,4.254299993515015,42.109272229217815,-0.13418546137634113,-0.14572868592966787,0.011543224553326736,4.983213745560272,4.629999947547913,4.276786149535553,38.97438496370207,41.27890152850835,KZR
2020-08-17,4.550000190734863,4.730000019073486,4.510000228881836,4.599999904632568,4.599999904632568,208800,4.523999977111816,4.5899999141693115,4.616499948501587,4.986999998092651,4.939699981212616,4.259799993038177,46.306256207130716,-0.12258532846046855,-0.141100014435828,0.018514685975359463,4.952194740947388,4.616499948501587,4.280805156055785,46.66667644794038,41.4836107553058,KZR
2020-08-18,4.599999904632568,4.889999866485596,4.599999904632568,4.820000171661377,4.820000171661377,290000,4.576000022888183,4.60799994468689,4.6094999551773075,4.958199996948242,4.939499981403351,4.267649993896485,53.029522820473574,-0.09455004258436173,-0.13179002006553475,0.037239977481173026,4.921235419789505,4.6094999551773075,4.29776449056511,63.07693925364492,49.572666888429076,KZR
2020-08-19,4.800000190734863,4.960000038146973,4.670000076293945,4.670000076293945,4.670000076293945,182900,4.614000034332276,4.602999973297119,4.598499965667725,4.941599998474121,4.94039998292923,4.274849994182587,48.564453892414754,-0.0834734012282965,-0.1221266962980871,0.03865329506979061,4.884316364256743,4.598499965667725,4.3126835670787065,69.26740819965919,59.67034130041478,KZR
2020-08-20,4.650000095367432,5.03000020980835,4.639999866485596,4.889999866485596,4.889999866485596,281000,4.692000007629394,4.635999965667724,4.598999953269958,4.932799997329712,4.944599983692169,4.283849993944168,54.60202605366399,-0.056294016318902074,-0.1089601603022501,0.05266614398334803,4.886812366892978,4.598999953269958,4.311187539646938,75.73798798351704,69.36077847894035,KZR
2020-08-21,4.869999885559082,5.010000228881836,4.71999979019165,4.989999771118164,4.989999771118164,261600,4.79399995803833,4.6729999542236325,4.608999943733215,4.9357999897003175,4.950899980068207,4.294399992227555,57.06882501379753,-0.026380898811578568,-0.0924443080041158,0.06606340919253723,4.934139847550262,4.608999943733215,4.283860039916168,77.24436033235715,74.08325217184442,KZR
2020-08-24,5.0,5.28000020980835,4.550000190734863,4.559999942779541,4.559999942779541,291400,4.785999965667725,4.6549999713897705,4.602499938011169,4.93019998550415,4.960399980545044,4.301749992370605,45.59585140058562,-0.03694603922104012,-0.08134465424750066,0.044398615026460544,4.926096837097553,4.602499938011169,4.278903038924785,64.08759435465139,72.35664755684182,KZR
2020-08-25,4.579999923706055,4.840000152587891,4.579999923706055,4.809999942779541,4.809999942779541,95500,4.783999919891357,4.679999971389771,4.616999936103821,4.927199983596802,4.969999980926514,4.311199991703034,51.678265552506,-0.024859513453853843,-0.0700476260887713,0.045188112634917454,4.950352534911027,4.616999936103821,4.283647337296615,53.34735373701448,64.89310280800764,KZR
2020-08-26,4.800000190734863,5.03000020980835,4.800000190734863,4.940000057220459,4.940000057220459,168800,4.83799991607666,4.725999975204468,4.645999932289124,4.921599988937378,4.983399982452393,4.321449991464615,54.525358608122545,-0.004736334410727849,-0.05698536775316261,0.05224903334243476,4.985729224459521,4.645999932289124,4.3062706401187265,42.69662560153798,53.37719123106791,KZR
2020-08-27,4.949999809265137,5.0,4.650000095367432,4.679999828338623,4.679999828338623,141200,4.795999908447266,4.74399995803833,4.659499931335449,4.911399984359742,4.990599980354309,4.33009999036789,48.38511496672167,-0.009657094622092188,-0.047519713126948526,0.03786261850485634,4.9816473861376,4.659499931335449,4.337352476533298,47.19100160410111,47.744993647551155,KZR
2020-08-28,4.659999847412109,4.820000171661377,4.659999847412109,4.75,4.75,75000,4.747999954223633,4.770999956130981,4.678499937057495,4.897599983215332,5.000799980163574,4.34079999089241,50.017108770776765,-0.007818279445790388,-0.0395794263907169,0.03176114694492651,4.9738149873859445,4.678499937057495,4.383184886729046,44.943813602819546,44.94381360281951,KZR
2020-08-31,4.739999771118164,5.0,4.71999979019165,4.860000133514404,4.860000133514404,195600,4.807999992370606,4.796999979019165,4.693499946594239,4.8797999858856205,5.0110999822616575,4.351499991416931,52.55577546005472,0.0024864243424413957,-0.031166256244085238,0.03365268058652664,4.993651562182229,4.693499946594239,4.393348331006249,41.94756293444413,44.69412604712156,KZR
2020-09-01,4.869999885559082,4.940000057220459,4.599999904632568,4.659999847412109,4.659999847412109,243800,4.777999973297119,4.780999946594238,4.694499945640564,4.864999980926513,5.015699982643127,4.361749991178512,47.80186259033562,-0.005422863881120676,-0.026017577771492325,0.02059471389037165,4.994064616392054,4.694499945640564,4.3949352748890735,41.198500267350276,42.69662560153795,KZR
2020-09-02,4.619999885559082,4.889999866485596,4.619999885559082,4.679999828338623,4.679999828338623,160400,4.725999927520752,4.781999921798706,4.692499947547913,4.848999977111816,5.020099983215332,4.372499990463257,48.305431985466264,-0.009962360576314389,-0.02280653433245674,0.01284417375614235,4.991890986590287,4.692499947547913,4.393108908505538,38.576772002990424,40.57427840159491,KZR
2020-09-03,4.630000114440918,4.820000171661377,4.53000020980835,4.579999923706055,4.579999923706055,172100,4.705999946594238,4.750999927520752,4.693499946594239,4.828599977493286,5.021399984359741,4.382699990272522,45.92003211086116,-0.021382615501057245,-0.02252175056617684,0.0011391350651195967,4.991243116266781,4.693499946594239,4.395756776921696,24.0040624319836,34.5931115674414,KZR
2020-09-04,4.610000133514404,4.75,4.340000152587891,4.639999866485596,4.639999866485596,203700,4.683999919891358,4.715999937057495,4.694499945640564,4.808399972915649,5.023899984359741,4.39339998960495,47.592264198475306,-0.025300111924057234,-0.02307742283775292,-0.0022226890863043143,4.991382068736929,4.694499945640564,4.397617822544198,24.529994575971543,29.036943003648485,KZR
2020-09-08,4.559999942779541,4.75,4.480000019073486,4.699999809265137,4.699999809265137,137300,4.651999855041504,4.729999923706055,4.692499947547913,4.79419997215271,5.027099981307983,4.403699988126755,49.28120240401878,-0.023294734917794102,-0.023120885253761155,-0.0001738496640329469,4.988667126554945,4.692499947547913,4.396332768540881,26.434521468722902,24.989526158892645,KZR
2020-09-09,4.71999979019165,4.820000171661377,4.599999904632568,4.650000095367432,4.650000095367432,157000,4.649999904632568,4.713999938964844,4.696999955177307,4.777999973297119,5.028099980354309,4.413949989080429,47.89598221293305,-0.025446684697686628,-0.02358604514254625,-0.0018606395551403788,4.9876612613064495,4.696999955177307,4.406338649048164,34.39713667758499,28.453884240759777,KZR
2020-09-10,4.659999847412109,4.889999866485596,4.650000095367432,4.659999847412109,4.659999847412109,214200,4.645999908447266,4.685999917984009,4.705999946594238,4.767599973678589,5.029499979019165,4.422899988889694,48.20952284201301,-0.026044993510873304,-0.02407783481621166,-0.0019671586946616443,4.979890440477806,4.705999946594238,4.4321094527106695,35.10635581620408,31.979337987503953,KZR
2020-09-11,4.659999847412109,4.840000152587891,4.639999866485596,4.670000076293945,4.670000076293945,160600,4.663999938964844,4.684999942779541,4.7144999504089355,4.755399971008301,5.031499981880188,4.432199989557266,48.5430048638066,-0.02541920587808555,-0.024346109028586436,-0.0010730968494991125,4.972373960175991,4.7144999504089355,4.45662594064188,34.042535562834466,34.515342685541135,KZR
2020-09-14,4.769999980926514,5.090000152587891,4.75,5.079999923706055,5.079999923706055,193200,4.751999950408935,4.7179999351501465,4.744499945640564,4.751999969482422,5.035899982452393,4.444599989652634,59.93390344590745,0.00806730167196612,-0.017863426888475926,0.025930728560442047,5.024890759674325,4.744499945640564,4.464109131606803,55.938509176042395,41.69580018502694,KZR
2020-09-15,5.130000114440918,5.380000114440918,4.829999923706055,4.909999847412109,4.909999847412109,384800,4.79399995803833,4.722999906539917,4.759999942779541,4.748599967956543,5.038599982261657,4.455699988603592,54.54253528802621,0.02064997470144192,-0.010160746570492356,0.030810721271934276,5.040998163550256,4.759999942779541,4.479001722008826,62.86022461620374,50.947089785026826,KZR
2020-09-16,4.96999979019165,5.110000133514404,4.889999866485596,4.929999828338623,4.929999828338623,146300,4.849999904632568,4.749999904632569,4.765499925613403,4.747199964523316,5.040899982452393,4.467299988269806,55.054777202104034,0.031868307038314114,-0.001754935848731062,0.03362324288704518,5.055153145095711,4.765499925613403,4.475846706131095,70.06834708570513,62.95569362598371,KZR
2020-09-17,4.900000095367432,5.170000076293945,4.880000114440918,5.159999847412109,5.159999847412109,247900,4.949999904632568,4.797999906539917,4.789999914169312,4.7403999614715575,5.045599980354309,4.48014998793602,60.55905325310837,0.05864200703416689,0.01032445272784853,0.04831755430631836,5.122866228498827,4.789999914169312,4.457133599839796,63.46151083413809,65.46336084534894,KZR
2020-09-18,5.53000020980835,5.53000020980835,4.909999847412109,5.03000020980835,5.03000020980835,874800,5.021999931335449,4.8429999351501465,4.796999931335449,4.738799962997437,5.046999983787536,4.492149988412857,56.357882898360934,0.06857992617324804,0.021975547416928434,0.046604378756319606,5.14358904331494,4.796999931335449,4.450410819355959,64.5200209419595,66.01662628726753,KZR
2020-09-21,4.880000114440918,5.130000114440918,4.78000020980835,4.980000019073486,4.980000019073486,299500,5.001999950408935,4.876999950408935,4.796499943733215,4.737799959182739,5.046799983978271,4.503399988412857,54.783694403185876,0.07159588833273034,0.03189961560008882,0.03969627273264152,5.1420010745324305,4.796499943733215,4.4509988129339995,63.53694049711479,63.83949075773742,KZR
2020-09-22,4.920000076293945,4.949999809265137,4.659999847412109,4.880000114440918,4.880000114440918,207400,4.996000003814697,4.894999980926514,4.812499952316284,4.73939995765686,5.0485999870300295,4.514549988508224,51.67488436646631,0.06516571371966684,0.03855283522400442,0.02661287849566242,5.1419768648553905,4.812499952316284,4.483023039777178,52.380946656617134,60.145969365230435,KZR
2020-09-23,4.75,4.889999866485596,4.570000171661377,4.860000133514404,4.860000133514404,250500,4.982000064849854,4.915999984741211,4.814999961853028,4.738399963378907,5.051599988937378,4.52559998869896,51.050918108288826,0.05778975833672284,0.042400219846548105,0.015389538490174735,5.14512121100067,4.814999961853028,4.4848787127053855,47.61903998660059,54.51230904677747,KZR
2020-09-24,4.460000038146973,4.619999885559082,4.389999866485596,4.53000020980835,4.53000020980835,270000,4.856000137329102,4.903000020980835,4.7944999694824215,4.728599967956543,5.045299992561341,4.534899989366531,42.0324078663854,0.025027522930950674,0.03892568046342862,-0.013898157532477945,5.141514389002373,4.7944999694824215,4.44748554996247,35.014003918612964,45.004663520610194,KZR
2020-09-25,4.539999961853027,4.590000152587891,4.409999847412109,4.510000228881836,4.510000228881836,172800,4.752000141143799,4.887000036239624,4.785999989509582,4.722799968719483,5.03909999370575,4.5441999900341035,41.55329575834339,-0.0025215491324495076,0.030636234544252995,-0.0331577836767025,5.151644588447671,4.785999989509582,4.420355390571493,23.396736763814953,35.343260223009466,KZR
2020-09-28,4.630000114440918,4.639999866485596,4.340000152587891,4.610000133514404,4.610000133514404,163000,4.678000164031983,4.840000057220459,4.778999996185303,4.717799968719483,5.033099994659424,4.553699990510941,44.93314873247301,-0.016099643979154976,0.021289058839571398,-0.037388702818726374,5.152411248184407,4.778999996185303,4.405588744186199,16.393935980092383,24.934892220840066,KZR
2020-09-29,4.610000133514404,4.860000133514404,4.519999980926514,4.710000038146973,4.710000038146973,184200,4.644000148773193,4.820000076293946,4.771499991416931,4.71459997177124,5.019399995803833,4.563649990558624,48.16145877369502,-0.018577080381477984,0.013315830995361521,-0.03189291137683951,5.1441270935255154,4.771499991416931,4.398872889308347,21.435947735930934,20.408873493279387,KZR
2020-09-30,4.730000019073486,4.929999828338623,4.639999866485596,4.840000152587891,4.840000152587891,121500,4.6400001525878904,4.811000108718872,4.78050000667572,4.712199974060058,5.007699995040894,4.574349991083145,52.093418046770566,-0.009936007688507331,0.00866546325858775,-0.01860147094709508,5.150606686054335,4.78050000667572,4.410393327297106,31.932767833875932,23.254217183299712,KZR
2020-10-01,4.829999923706055,4.840000152587891,4.619999885559082,4.769999980926514,4.769999980926514,109400,4.688000106811524,4.772000122070312,4.785000014305115,4.709799976348877,4.992699995040893,4.58454999089241,49.89866713531096,-0.008636764911291728,0.005205017624611855,-0.013841782535903582,5.152287295305984,4.785000014305115,4.417712733304245,36.41455606128798,29.927757210364913,KZR
2020-10-02,4.650000095367432,4.869999885559082,4.460000038146973,4.769999980926514,4.769999980926514,109200,4.740000057220459,4.746000099182129,4.794500017166138,4.7075999736785885,4.9820999956130985,4.594049991369247,49.898667135310966,-0.007520414987133961,0.0026599311022626913,-0.010180346089396653,5.1497167669664545,4.794500017166138,4.439283267365822,38.095226646567504,35.4808501805771,KZR
2020-10-05,4.809999942779541,5.210000038146973,4.75,5.170000076293945,5.170000076293945,263100,4.852000045776367,4.765000104904175,4.821000027656555,4.7151999759674075,4.978799996376037,4.604749991893768,60.83419591176663,0.02534876039571543,0.007197696960953239,0.018151063434762194,5.204139606248598,4.821000027656555,4.437860449064512,47.33892154399609,40.61623475061715,KZR
2020-10-06,5.21999979019165,5.340000152587891,5.119999885559082,5.159999847412109,5.159999847412109,160900,4.942000007629394,4.793000078201294,4.844000029563904,4.72459997177124,4.978799996376037,4.614449990987778,60.47878716651716,0.05001434951255046,0.015761027471272684,0.034253322041277776,5.249876736608587,4.844000029563904,4.43812332251922,58.2632870267042,47.899145072422556,KZR
2020-10-07,5.210000038146973,5.25,5.059999942779541,5.199999809265137,5.199999809265137,128800,5.013999938964844,4.8270000457763675,4.871500015258789,4.738199968338012,4.979099993705749,4.62299998998642,61.44896358988981,0.07196015732156535,0.02700085344133122,0.044959303880234135,5.295210857938528,4.871500015258789,4.44778917257905,70.30809956626531,58.63676937898848,KZR
2020-10-08,5.21999979019165,5.340000152587891,5.099999904632568,5.320000171661377,5.320000171661377,249400,5.123999977111817,4.90600004196167,4.904500031471253,4.757399969100952,4.981199994087219,4.631149990558624,64.28177694683342,0.09790678599759861,0.0411820399525847,0.05672474604501391,5.3588775042657035,4.904500031471253,4.450122558676802,79.72547040384113,69.4322856656035,KZR
2020-10-09,5.329999923706055,5.349999904632568,5.059999942779541,5.300000190734863,5.300000190734863,111000,5.230000019073486,4.985000038146973,4.936000037193298,4.775199975967407,4.9860999965667725,4.63834999203682,63.444997517542,0.11552415430522345,0.05605046282311245,0.059473691482111,5.407991473281932,4.936000037193298,4.4640086011046645,88.43946973560973,79.49101323523867,KZR
2020-10-12,5.289999961853027,5.440000057220459,5.190000057220459,5.389999866485596,5.389999866485596,137400,5.273999977111816,5.063000011444092,4.951500034332275,4.7955999755859375,4.988299994468689,4.646299991607666,65.6141915830195,0.13518988247729347,0.07187834675394865,0.06331153572334482,5.46031325313868,4.951500034332275,4.44268681552587,96.16802056346437,88.1109869009717,KZR
2020-10-13,5.340000152587891,5.5,5.28000020980835,5.420000076293945,5.420000076293945,138100,5.326000022888183,5.134000015258789,4.977000045776367,4.812799978256225,4.990499997138977,4.654749991893769,66.33139886942165,0.15145005795320188,0.0877926889937993,0.06365736895940258,5.524580080162443,4.977000045776367,4.429420011390291,94.53583790959675,93.0477760695569,KZR
2020-10-14,5.449999809265137,5.539999961853027,5.389999866485596,5.400000095367432,5.400000095367432,178100,5.366000080108643,5.190000009536743,5.000500059127807,4.8279999828338624,4.989399995803833,4.660449991226196,65.35276688383246,0.16086814501337088,0.10240778019771361,0.058460364815657265,5.577543294813982,5.000500059127807,4.423456823441633,92.29710809061505,94.33365552122534,KZR
2020-10-15,5.420000076293945,5.53000020980835,5.050000190734863,5.289999961853027,5.289999961853027,135600,5.360000038146973,5.242000007629395,5.007000064849853,4.83939998626709,4.989599995613098,4.666849989891052,60.100723952787995,0.1576387935122021,0.11345398286061131,0.0441848106515908,5.593927571273475,5.007000064849853,4.420072558426232,86.8678199687372,91.23358865631627,KZR
2020-10-16,5.239999771118164,5.699999809265137,5.239999771118164,5.630000114440918,5.630000114440918,194800,5.426000022888184,5.328000020980835,5.037000060081482,4.860799989700317,4.992899994850159,4.677099990844726,68.52145079102839,0.1804347406221476,0.12685013441291856,0.05358460620922903,5.683841547592541,5.037000060081482,4.390158572570423,87.28495607970059,88.81662804635089,KZR
2020-10-19,5.639999866485596,5.880000114440918,5.53000020980835,5.690000057220459,5.690000057220459,146900,5.486000061035156,5.380000019073487,5.072500061988831,4.882199993133545,4.997299995422363,4.685999990701675,69.73533387281043,0.2010248970055475,0.14168508693144435,0.05933981007410313,5.7781876045610066,5.072500061988831,4.366812519416655,86.71374687769348,86.9555076420437,KZR
2020-10-20,5.739999771118164,5.880000114440918,5.690000057220459,5.809999942779541,5.809999942779541,149600,5.564000034332276,5.445000028610229,5.119000053405761,4.903599996566772,5.007699995040894,4.69634999036789,72.05626021526919,0.22443854433622334,0.15823577841240016,0.06620276592382318,5.8875804849850155,5.119000053405761,4.350419621826507,92.01499599634099,88.6712329845783,KZR
2020-10-21,5.809999942779541,5.880000114440918,5.449999809265137,5.690000057220459,5.690000057220459,176800,5.622000026702881,5.494000053405761,5.1605000495910645,4.926199998855591,5.015699996948242,4.704799990653992,66.55934318819767,0.230652225370231,0.17271906780396634,0.05793315756626466,5.957757153820017,5.1605000495910645,4.363242945362112,89.43661356984467,89.38845214795965,KZR
2020-10-22,5.800000190734863,5.960000038146973,5.550000190734863,5.619999885559082,5.619999885559082,230600,5.688000011444092,5.524000024795532,5.215000033378601,4.948999996185303,5.023199996948242,4.713249989748001,63.515447387306715,0.2273079193199541,0.18363683810716389,0.0436710812127902,5.980806737168721,5.215000033378601,4.449193329588481,84.53031347732177,88.66064101450242,KZR
2020-10-23,5.800000190734863,5.900000095367432,5.699999809265137,5.769999980926514,5.769999980926514,104300,5.715999984741211,5.571000003814698,5.278000020980835,4.974399995803833,5.036199998855591,4.72299998998642,66.99829334833822,0.23406315245152598,0.19372210097603632,0.040341051475489664,6.0079205353561305,5.278000020980835,4.54807950660554,79.21379968421688,84.39357557712772,KZR
2020-10-26,5.710000038146973,5.710000038146973,5.320000171661377,5.630000114440918,5.630000114440918,163400,5.703999996185303,5.5950000286102295,5.329000020027161,4.997399997711182,5.015,4.734699990749359,61.132605870673984,0.22552024715175278,0.20008173021117961,0.02543851694057317,6.005694929807889,5.329000020027161,4.652305110246433,71.58598336435023,78.44336550862958,KZR
2020-10-27,5.619999885559082,5.789999961853027,5.590000152587891,5.739999771118164,5.739999771118164,107900,5.689999961853028,5.626999998092652,5.38050000667572,5.020199995040894,5.003599996566773,4.747449989318848,63.813330391605994,0.22503195780963914,0.20507177573087151,0.019960182078767624,6.01647089436619,5.38050000667572,4.74452911898525,72.89375926601313,74.56451410486004,KZR
2020-10-28,5.619999885559082,5.699999809265137,5.199999809265137,5.599999904632568,5.599999904632568,177700,5.671999931335449,5.646999979019165,5.418499994277954,5.035799989700317,4.9969999933242795,4.759749988317489,58.301829049106665,0.21091684766172936,0.20624079011704308,0.0046760575446862795,6.010015840511637,5.418499994277954,4.826984148044271,66.66664920010129,70.38213061015483,KZR
2020-10-29,5.550000190734863,5.599999904632568,5.239999771118164,5.349999904632568,5.349999904632568,163100,5.617999935150147,5.652999973297119,5.447499990463257,5.0493999862670895,4.995499992370606,4.770749987363815,49.99751119912542,0.17751136993716532,0.20049490608106751,-0.022983536143902195,5.960681241312755,5.447499990463257,4.934318739613759,56.4102295386173,65.32354600157718,KZR
2020-10-30,5.329999923706055,5.340000152587891,5.010000228881836,5.119999885559082,5.119999885559082,105500,5.48799991607666,5.601999950408936,5.464999985694885,5.053999986648559,4.993399991989135,4.779599987268448,43.81434831831314,0.13096848564069408,0.18658962199299284,-0.05562113635229876,5.902926929429806,5.464999985694885,5.027073041959965,34.995153247736035,52.69067732881816,KZR
2020-11-02,5.119999885559082,5.150000095367432,4.769999980926514,4.860000133514404,4.860000133514404,143600,5.333999919891357,5.51899995803833,5.449499988555909,5.051399993896484,4.993599991798401,4.787549988031388,38.08109106914264,0.07227002358558465,0.1637257023115112,-0.09145567872592655,5.946107462645996,5.449499988555909,4.952892514465821,17.369652759316786,36.258345181889986,KZR
2020-11-03,4.949999809265137,5.179999828338623,4.900000095367432,5.090000152587891,5.090000152587891,94900,5.203999996185303,5.446999979019165,5.446000003814698,5.061999998092651,4.996099991798401,4.795549988746643,44.944296666951935,0.04380518989487303,0.13974159982818357,-0.09593640993331054,5.95162431475824,5.446000003814698,4.9403756928711555,15.344240219225,22.569682075425888,KZR
2020-11-04,5.019999980926514,5.650000095367432,4.920000076293945,5.46999979019165,5.46999979019165,177300,5.177999973297119,5.424999952316284,5.459500002861023,5.075199995040894,5.001199989318848,4.806349987983704,54.01358591902299,0.05131783897857645,0.12205684765826215,-0.0707390086796857,5.952388349980022,5.459500002861023,4.966611655742024,31.09243921962744,21.26877739938969,KZR
2020-11-05,5.389999866485596,5.590000152587891,5.289999961853027,5.46999979019165,5.46999979019165,144700,5.201999950408935,5.409999942779541,5.466999983787536,5.085799989700317,5.003699989318847,4.817549986839294,54.01358591902299,0.05661899892759159,0.10896927791212804,-0.05235027898453645,5.955716601466909,5.466999983787536,4.978283366108164,48.17926351502712,31.538647651293132,KZR
2020-11-06,5.46999979019165,5.599999904632568,5.039999961853027,5.099999904632568,5.099999904632568,146600,5.197999954223633,5.3429999351501465,5.456999969482422,5.094199991226196,5.002799987792969,4.82759998679161,45.54189981349286,0.030611438228487664,0.09329770997539996,-0.0626862717469123,5.966709648314954,5.456999969482422,4.94729029064989,48.45936860084911,42.57702377850117,KZR
2020-11-09,5.25,5.570000171661377,5.139999866485596,5.389999866485596,5.389999866485596,182900,5.303999900817871,5.318999910354615,5.456999969482422,5.106999988555908,5.00229998588562,4.839549986124038,51.90861165924523,0.033020196025402626,0.0812422071854005,-0.04822201115999787,5.966709648314954,5.456999969482422,4.94729029064989,46.21847448714309,47.61903553433972,KZR
2020-11-10,5.5,5.630000114440918,5.309999942779541,5.53000020980835,5.53000020980835,133400,5.391999912261963,5.2979999542236325,5.462499976158142,5.120399990081787,5.000099987983703,4.852499986886978,54.66417306160224,0.04569921945300148,0.0741336096389207,-0.028434390185919214,5.972867456509477,5.462499976158142,4.952132495806807,47.89915842920511,47.52566717239905,KZR
2020-11-11,5.579999923706055,5.679999828338623,5.519999980926514,5.630000114440918,5.630000114440918,135800,5.423999977111817,5.300999975204467,5.473999977111816,5.139799995422363,5.002399988174439,4.866299988031387,56.57802155236824,0.06308933881052159,0.07192475547324087,-0.008835416662719281,5.988563847936043,5.473999977111816,4.95943610628759,64.02419646445416,52.713943126934076,KZR
2020-11-12,5.579999923706055,5.730000019073486,5.460000038146973,5.5,5.5,117500,5.4300000190734865,5.315999984741211,5.484499979019165,5.156199998855591,5.002599987983704,4.8799499881267545,53.42079881200734,0.0656247298752799,0.07066475035364868,-0.005040020478368781,5.992140576403174,5.484499979019165,4.976859381635156,70.51346394619245,60.81227294661719,KZR
2020-11-13,5.539999961853027,5.710000038146973,5.440000057220459,5.53000020980835,5.53000020980835,165000,5.516000080108642,5.357000017166138,5.479499983787536,5.175200004577636,5.001899991035462,4.892249989509582,54.05793636788364,0.06925646633665039,0.07038309355024902,-0.00112662721359863,5.983264782698654,5.479499983787536,4.975735184876419,74.06155240384042,69.53307093816231,KZR
2020-11-16,5.599999904632568,5.739999771118164,5.489999771118164,5.679999828338623,5.679999828338623,157000,5.574000072479248,5.438999986648559,5.478999972343445,5.196000003814698,5.002199988365174,4.905199989080429,57.20958783882182,0.08327837796165927,0.07296215043253107,0.010316227529128197,5.98194723988361,5.478999972343445,4.97605270480328,79.96429865475841,74.84643833493038,KZR
2020-11-17,5.630000114440918,5.78000020980835,5.53000020980835,5.690000057220459,5.690000057220459,201900,5.60600004196167,5.498999977111817,5.4729999780654905,5.215800008773804,5.004999990463257,4.918449989557266,57.41931025210882,0.09411290386969995,0.07719230111996485,0.0169206027497351,5.962697808649482,5.4729999780654905,4.983302147481499,86.47112037585919,80.16565714481929,KZR
2020-11-18,5.659999847412109,5.829999923706055,5.53000020980835,5.539999961853027,5.539999961853027,119600,5.588000011444092,5.505999994277954,5.465499973297119,5.233600006103516,5.005799989700318,4.931149989366531,53.206882468866986,0.08956316124560981,0.07966647314509384,0.009896688100515971,5.946185897459064,5.465499973297119,4.984814049135173,85.84834830973209,84.09458911344986,KZR
2020-11-19,5.53000020980835,5.690000057220459,5.389999866485596,5.679999828338623,5.679999828338623,111100,5.623999977111817,5.526999998092651,5.468499970436096,5.2540000057220455,5.010799989700318,4.940299988985061,56.42038506784432,0.09614596578973877,0.08296237167402283,0.013183594115715944,5.953732853432334,5.468499970436096,4.983267087439859,83.19321807378829,85.17089558645982,KZR
2020-11-20,5.619999885559082,5.980000019073486,5.599999904632568,5.679999828338623,5.679999828338623,1069500,5.653999900817871,5.584999990463257,5.463999962806701,5.2742000007629395,5.01479998588562,4.950049988031387,56.420385067844315,0.1002077532155985,0.08641144798233796,0.01379630523326053,5.939537487277295,5.463999962806701,4.988462438336108,76.90425366604255,81.98194001652094,KZR
2020-11-23,5.78000020980835,6.150000095367432,5.650000095367432,6.0,6.0,336200,5.7179999351501465,5.646000003814697,5.482499957084656,5.292600002288818,5.0222999858856205,4.954949988126755,63.132146152688165,0.12777517582462306,0.09468419355079498,0.033090982273828076,6.008536967125005,5.482499957084656,4.956462947044306,81.95870664222927,80.68539279402,KZR
2020-11-24,6.150000095367432,6.150000095367432,5.760000228881836,5.769999980926514,5.769999980926514,190200,5.733999919891358,5.669999980926514,5.483999967575073,5.309800004959106,5.029199986457825,4.957549988031388,56.40773713135644,0.12956987662270159,0.1016613301651763,0.027908546457525288,6.013127511464692,5.483999967575073,4.954872423685455,75.26427755243702,78.04241262023625,KZR
2020-11-25,5.789999961853027,5.789999961853027,5.420000076293945,5.639999866485596,5.639999866485596,202100,5.753999900817871,5.670999956130982,5.485999965667725,5.324000005722046,5.035599985122681,4.959949988126755,52.973258616147376,0.11912902194644825,0.10515486852143069,0.013974153425017566,6.017164680559178,5.485999965667725,4.954835250776272,69.20822300620559,75.47706906695726,KZR
2020-11-27,5.659999847412109,5.960000038146973,5.659999847412109,5.940000057220459,5.940000057220459,47800,5.8059999465942385,5.714999961853027,5.5154999732971195,5.339600009918213,5.039999985694886,4.962899988889694,59.153920476194,0.13352290860405613,0.11082847653795577,0.022694432066100362,6.077797906648161,5.5154999732971195,4.953202039946078,66.34257342037984,70.27169132634077,KZR
2020-11-30,5.960000038146973,6.800000190734863,5.880000114440918,6.579999923706055,6.579999923706055,358000,5.985999965667725,5.819999933242798,5.588499975204468,5.370600004196167,5.054699983596802,4.97014998793602,68.62696649748146,0.1943326620457162,0.12752931363950787,0.06680334840620833,6.288650623094567,5.588499975204468,4.888349327314369,72.8322815173767,69.46102598132067,KZR
2020-12-01,6.550000190734863,6.989999771118164,6.400000095367432,6.550000190734863,6.550000190734863,218600,6.096000003814697,5.906999969482422,5.672999978065491,5.402000007629394,5.069899983406067,4.977149988412857,67.83281872551903,0.23736787294338146,0.1494970255002826,0.08787084744309887,6.408121775342236,5.672999978065491,4.937878180788745,78.98094339281643,72.71859944352428,KZR
2020-12-02,6.480000019073486,6.630000114440918,6.380000114440918,6.489999771118164,6.489999771118164,151600,6.2399999618530275,5.986999940872193,5.742999958992004,5.43420000076294,5.0867999792099,4.983399988412857,66.18322859022975,0.263593513273344,0.1723163230548949,0.09127719021844913,6.508717949234359,5.742999958992004,4.977281968749649,75.49496886294729,75.7693979243801,KZR
2020-12-03,6.5,6.570000171661377,6.329999923706055,6.5,6.5,117000,6.411999988555908,6.08299994468689,5.7944999694824215,5.466999998092652,5.102699980735779,4.987149988412857,66.33019467611278,0.2819344917529385,0.19423995679450362,0.08769453495843488,6.6163387798600874,5.7944999694824215,4.972661159104756,70.20834506799861,74.89475244125407,KZR
2020-12-04,6.5,6.550000190734863,6.349999904632568,6.389999866485596,6.389999866485596,99600,6.501999950408935,6.153999948501587,5.840499973297119,5.504199991226196,5.116399979591369,4.992699986696243,63.0825949816888,0.284316336130356,0.2122552326616741,0.07206110346868191,6.687151602382769,5.840499973297119,4.993848344211469,66.87500478078964,70.85943957057849,KZR
2020-12-07,6.349999904632568,6.449999809265137,5.96999979019165,6.050000190734863,6.050000190734863,156700,6.396000003814697,6.190999984741211,5.8879999876022335,5.534999990463257,5.1288999795913695,4.9961999881267545,54.24243068489384,0.25581990005698785,0.22096816614073683,0.034851733916251015,6.667040405989037,5.8879999876022335,5.10895956921543,57.70834630976211,64.93056538618342,KZR
2020-12-08,6.03000020980835,6.079999923706055,5.71999979019165,5.800000190734863,5.800000190734863,178300,6.246000003814697,6.171000003814697,5.908500003814697,5.558799991607666,5.138299980163574,4.997699989080429,48.824485004252416,0.21063528603874193,0.21890159012033786,-0.008266304081595927,6.654938842263457,5.908500003814697,5.162061165365937,43.125016080837554,55.90278905712973,KZR
2020-12-09,5.880000114440918,5.880000114440918,5.440000057220459,5.559999942779541,5.559999942779541,118200,6.060000038146972,6.15,5.909999990463257,5.575799989700317,5.145199980735779,4.999099987745285,44.25455214972665,0.15368851412443618,0.2058589749211575,-0.05217046079672133,6.653505188428037,5.909999990463257,5.166494792498478,25.833349972964466,42.22223745452134,KZR
2020-12-10,5.559999942779541,5.849999904632568,5.440000057220459,5.570000171661377,5.570000171661377,121600,5.874000072479248,6.1430000305175785,5.90699999332428,5.590399990081787,5.151299982070923,5.00429998755455,44.48770688953596,0.1081184003801603,0.18631086001295807,-0.07819245963279778,6.655467740599941,5.90699999332428,5.158532246048618,15.268058417832925,28.075474823878277,KZR
2020-12-11,5.489999771118164,5.599999904632568,5.309999942779541,5.559999942779541,5.559999942779541,148900,5.7080000877380375,6.105000019073486,5.909999990463257,5.606199989318847,5.1579999828338625,5.010199986696243,44.288223022462525,0.07038546223233233,0.16312578045683293,-0.0927403182245006,6.652374543423516,5.909999990463257,5.167625437502998,11.686702454009472,17.596036948268914,KZR
2020-12-14,5.610000133514404,5.659999847412109,5.5,5.53000020980835,5.53000020980835,272600,5.604000091552734,6.000000047683716,5.909999990463257,5.6213999938964845,5.164499983787537,5.013349987268448,43.65580836845676,0.03762736433268721,0.1380260972320038,-0.10039873289931658,6.652374543423516,5.909999990463257,5.167625437502998,12.510119096077473,13.154959989306583,KZR
2020-12-15,6.139999866485596,6.21999979019165,5.46999979019165,5.679999828338623,5.679999828338623,348900,5.580000019073486,5.913000011444092,5.909999990463257,5.631599988937378,5.173399982452392,5.016049987077713,47.67879729057304,0.023499167578028057,0.11512071130120864,-0.09162154372318058,6.652374543423516,5.909999990463257,5.167625437502998,16.66667139719465,13.62116431576049,KZR
2020-12-16,5.639999866485596,5.699999809265137,5.510000228881836,5.570000171661377,5.570000171661377,103200,5.582000064849853,5.821000051498413,5.903999996185303,5.639799995422363,5.182199983596802,5.01639998793602,45.13379934290385,0.0033873693876964595,0.0927740429185062,-0.08938667353080974,6.655276215953593,5.903999996185303,5.152723776417012,16.865088657187773,15.34729305015326,KZR
2020-12-17,5.599999904632568,5.699999809265137,5.489999771118164,5.659999847412109,5.659999847412109,142200,5.6,5.737000036239624,5.909999990463257,5.648999996185303,5.193599982261658,5.019599987268448,47.598369815933644,-0.005228878643277035,0.07317345860614956,-0.07840233724942659,6.651404042371151,5.909999990463257,5.168595938555363,19.444446809708506,17.658735621363604,KZR
2020-12-18,5.690000057220459,5.75,5.429999828338623,5.449999809265137,5.449999809265137,952700,5.5779999732971195,5.6430000305175785,5.898499989509583,5.651599988937378,5.204499979019165,5.022349985837937,42.77061744605871,-0.028672051754558225,0.052804356534008,-0.08147640828856623,6.660662036926462,5.898499989509583,5.136337942092704,14.880953901479328,17.063496456125165,KZR
2020-12-21,5.320000171661377,5.389999866485596,5.159999847412109,5.25,5.25,239300,5.521999931335449,5.563000011444092,5.876999998092652,5.650599985122681,5.2128999805450436,5.026799985170364,38.74053936162854,-0.06266686388563425,0.02971011245007955,-0.0923769763357138,6.685457771381657,5.876999998092652,5.068542224803647,11.76303809018052,15.362812933789415,KZR
2020-12-22,5.230000019073486,5.550000190734863,5.230000019073486,5.5,5.5,153100,5.485999965667725,5.5329999923706055,5.851999998092651,5.652799987792969,5.224199981689453,5.033749984502792,45.63615741205371,-0.06864380371612899,0.010039329216837839,-0.07868313293296683,6.674498612565625,5.851999998092651,5.029501383619678,12.856421646337466,13.16680454599907,KZR
2020-12-23,5.489999771118164,5.639999866485596,5.409999847412109,5.519999980926514,5.519999980926514,105900,5.475999927520752,5.528999996185303,5.839499998092651,5.65479998588562,5.233799982070923,5.0413999843597415,46.15830468171658,-0.07094888568928859,-0.006158313764387448,-0.06479057192490115,6.674113065643475,5.839499998092651,5.0048869305418275,18.711740828458385,14.443733521658757,KZR
2020-12-24,5.53000020980835,5.610000133514404,5.380000114440918,5.570000171661377,5.570000171661377,65100,5.457999992370605,5.528999996185303,5.83600001335144,5.658199987411499,5.24309998512268,5.0519499850273135,47.51549494125443,-0.06795770808041635,-0.01851819262759323,-0.049439515452823116,6.674508178929385,5.83600001335144,4.997491847773495,27.26524534990432,19.61113594156669,KZR
2020-12-28,5.550000190734863,5.75,5.440000057220459,5.5,5.5,164900,5.468000030517578,5.523000001907349,5.8140000104904175,5.662399988174439,5.250899987220764,5.063149985074997,45.775811663330714,-0.07042380532188819,-0.028899315166452222,-0.04152449015543597,6.663456273759357,5.8140000104904175,4.964543747221478,29.919247806828977,25.298744661730524,KZR
2020-12-29,5.5,5.690000057220459,5.070000171661377,5.139999866485596,5.139999866485596,180900,5.446000003814698,5.483999967575073,5.742000007629395,5.652599983215332,5.256699986457825,5.073799984455109,38.05836999391959,-0.10027134167094953,-0.043173720467351684,-0.05709762120359785,6.563184522201659,5.742000007629395,4.92081549305713,23.315130546803527,26.833207901178906,KZR
2020-12-30,5.179999828338623,5.400000095367432,5.070000171661377,5.340000152587891,5.340000152587891,174400,5.414000034332275,5.45,5.681500005722046,5.645599985122681,5.263899989128113,5.085899984836578,43.733785210000065,-0.10655903146708567,-0.05585078266729848,-0.05070824879978719,6.430800295032763,5.681500005722046,4.932199716411328,20.54689560918455,24.593757987605645,KZR
2020-12-31,5.320000171661377,5.320000171661377,5.119999885559082,5.21999979019165,5.21999979019165,103000,5.353999996185303,5.414999961853027,5.61800000667572,5.633799982070923,5.268699989318848,5.097849984169006,41.28929074995148,-0.11984361470117033,-0.06864934907407286,-0.051194265627097474,6.294153864686913,5.61800000667572,4.941846148664527,14.202882806379861,19.35496965412261,KZR
2021-01-04,5.420000076293945,5.420000076293945,5.130000114440918,5.28000020980835,5.28000020980835,107000,5.296000003814697,5.376999998092652,5.557000017166137,5.625599985122681,5.275899991989136,5.1067999851703645,43.004698847625164,-0.1240996664997489,-0.07973941255920806,-0.04436025394054084,6.113384793839992,5.557000017166137,5.000615240492283,18.260865118341485,17.670214511301925,KZR
2021-01-05,5.28000020980835,5.380000114440918,5.150000095367432,5.239999771118164,5.239999771118164,117000,5.24399995803833,5.355999994277954,5.499500012397766,5.6179999828338625,5.283499989509583,5.113099983930588,42.12112024110109,-0.12921085698959356,-0.08963370144528517,-0.03957715554430839,5.920996274453091,5.499500012397766,5.0780037503424404,15.362302375119901,15.942016766613712,KZR
2021-01-06,5.300000190734863,5.46999979019165,5.199999809265137,5.329999923706055,5.329999923706055,138200,5.281999969482422,5.36399998664856,5.463499999046325,5.6091999816894536,5.291799988746643,5.117449983358383,44.865931566973025,-0.12456336321263617,-0.09661963379875536,-0.027943729413880805,5.806444691124888,5.463499999046325,5.120555306967763,23.759575004984622,19.127580832815298,KZR
2021-01-07,5.539999961853027,5.659999847412109,5.360000133514404,5.429999828338623,5.429999828338623,89900,5.2999999046325685,5.3569999694824215,5.4449999809265135,5.605199975967407,5.301299986839294,5.1210999834537505,47.826553358491594,-0.11152543850828955,-0.0996007947406622,-0.01192464376762735,5.751300545126648,5.4449999809265135,5.138699416726379,35.31966180727323,24.81384639579254,KZR
2021-01-08,5.429999828338623,5.5,5.269999980926514,5.449999809265137,5.449999809265137,86600,5.345999908447266,5.349999952316284,5.4394999742507935,5.599399976730346,5.30979998588562,5.124749983549118,48.42308424869198,-0.0984441549935573,-0.09936946679124123,0.0009253117976839309,5.74125987342069,5.4394999742507935,5.137740075080897,49.01957346905445,36.032936760437394,KZR
2021-01-11,5.369999885559082,5.679999828338623,5.360000133514404,5.599999904632568,5.599999904632568,103700,5.409999847412109,5.352999925613403,5.440999960899353,5.599399976730346,5.317599983215332,5.128549982309341,52.783462668399764,-0.07510759585733595,-0.09451709260446017,0.019409496747124222,5.745624356069749,5.440999960899353,5.136375565728956,62.254869992887315,48.86470175640496,KZR
2021-01-12,5.579999923706055,5.699999809265137,5.440000057220459,5.550000190734863,5.550000190734863,98300,5.471999931335449,5.35799994468689,5.440499973297119,5.603399982452393,5.326399984359742,5.133399983644486,51.22877396445759,-0.05995662105176791,-0.08760499829392172,0.027648377242153813,5.744373356576801,5.440499973297119,5.136626590017437,68.13724218355024,59.80389521516397,KZR
2021-01-13,5.559999942779541,5.559999942779541,5.429999828338623,5.440000057220459,5.440000057220459,59300,5.49399995803833,5.387999963760376,5.435999965667724,5.60979998588562,5.33189998626709,5.1382499849796295,47.887025162938805,-0.05617787228443216,-0.08131957309202381,0.02514170080759165,5.737091354297999,5.435999965667724,5.134908577037449,67.6470581360479,66.01305677082844,KZR
2021-01-14,5.489999771118164,5.800000190734863,5.460000038146973,5.699999809265137,5.699999809265137,132600,5.5479999542236325,5.423999929428101,5.43699996471405,5.626599979400635,5.33899998664856,5.144949983358384,55.30789851656049,-0.03183638949979972,-0.071422936373579,0.03958654687377927,5.741440469907012,5.43699996471405,5.132559459521088,70.43377849852985,68.73935960604263,KZR
2021-01-15,5.699999809265137,5.710000038146973,5.320000171661377,5.5,5.5,294000,5.557999992370606,5.451999950408935,5.433499956130982,5.6347999763488765,5.348399987220764,5.154399983882904,49.471973286967405,-0.02835702008569907,-0.06280975311600301,0.03445273303030394,5.733318252506277,5.433499956130982,5.133681659755687,66.53905470391882,68.20663044616548,KZR
2021-01-19,5.5,5.550000190734863,5.300000190734863,5.420000076293945,5.420000076293945,154400,5.522000026702881,5.465999937057495,5.421499967575073,5.633799982070923,5.354499988555908,5.162249984741211,47.3210656923175,-0.03168962177957013,-0.05658572684871643,0.0248961050691463,5.702731226757053,5.421499967575073,5.140268708393093,64.38353122074896,67.11878814106585,KZR
2021-01-20,5.46999979019165,5.489999771118164,5.21999979019165,5.389999866485596,5.389999866485596,171400,5.4899999618530275,5.480999946594238,5.4184999704360965,5.632199983596802,5.358999986648559,5.171199984550476,46.50452628912463,-0.03633267834176479,-0.0525351171473261,0.01620243880556131,5.699731235213332,5.4184999704360965,5.137268705658861,50.22828306185202,60.38362299550656,KZR
2021-01-21,5.389999866485596,5.449999809265137,5.230000019073486,5.340000152587891,5.340000152587891,141900,5.469999980926514,5.4819999694824215,5.422999978065491,5.636999988555909,5.365599989891052,5.178099985122681,45.10751647363227,-0.04354493426875106,-0.050737080571611096,0.007192146302860039,5.6960641102516885,5.422999978065491,5.149935845879293,41.377910192204894,51.99657482493526,KZR
2021-01-22,5.269999980926514,5.639999866485596,5.25,5.619999885559082,5.619999885559082,144500,5.453999996185303,5.500999975204468,5.428999972343445,5.641599988937378,5.374299988746643,5.187549984455108,53.5269059707626,-0.026363162529870365,-0.04586229696326295,0.019499134433392587,5.713597956517893,5.428999972343445,5.144401988168997,49.77427509424501,47.12682278276727,KZR
2021-01-25,5.650000095367432,5.760000228881836,5.320000171661377,5.730000019073486,5.730000019073486,133900,5.5,5.528999996185303,5.4394999742507935,5.645599985122681,5.382999987602234,5.197049984931946,56.35884706179329,-0.0038262861289721783,-0.0374550947964048,0.03362880866743262,5.75097873395975,5.4394999742507935,5.128021214541837,64.90599873200048,52.01939467281676,KZR
2021-01-26,5.769999980926514,5.96999979019165,5.440000057220459,5.5,5.5,163800,5.515999984741211,5.519000005722046,5.435999965667724,5.642999982833862,5.391399989128113,5.20354998588562,49.558650825107115,-0.004473164702461396,-0.030858708777616116,0.02638554407515472,5.743076516103943,5.435999965667724,5.1289234152315055,67.10869832236806,60.596324049537806,KZR
2021-01-27,5.480000019073486,5.579999923706055,5.119999885559082,5.349999904632568,5.349999904632568,500500,5.507999992370605,5.498999977111817,5.428499960899353,5.639999980926514,5.398099989891052,5.209099986553192,45.68696588630883,-0.016894821737184706,-0.028065931369529833,0.011171109632345126,5.736283990313455,5.428499960899353,5.120715931485252,51.75021263584955,61.25496989673932,KZR
2021-01-28,5.389999866485596,5.519999980926514,5.199999809265137,5.420000076293945,5.420000076293945,116400,5.523999977111816,5.496999979019165,5.44249997138977,5.637799978256226,5.406499991416931,5.213949987888336,47.73884509290065,-0.020850296355651388,-0.026622804366754144,0.005772508011102757,5.720555714541733,5.44249997138977,5.164444228237807,33.771345850839026,50.876752269685504,KZR
2021-01-29,5.340000152587891,5.550000190734863,5.230000019073486,5.309999942779541,5.309999942779541,106900,5.461999988555908,5.457999992370605,5.440999960899353,5.630399980545044,5.41319999217987,5.218549988269806,44.87015219007416,-0.03248664414214364,-0.027795572321832045,-0.0046910718203115945,5.721563688275817,5.440999960899353,5.160436233522888,28.2353077572814,37.918955414656615,KZR
2021-02-01,5.28000020980835,5.460000038146973,5.269999980926514,5.389999866485596,5.389999866485596,127100,5.39399995803833,5.446999979019165,5.44949996471405,5.624399976730347,5.420099992752075,5.223599987030029,47.348182215325856,-0.034851462378460596,-0.029206750333157755,-0.005644712045302841,5.71251895964678,5.44949996471405,5.186480969781321,29.80393388829719,30.603529165472498,KZR
2021-02-02,5.400000095367432,5.46999979019165,5.21999979019165,5.320000171661377,5.320000171661377,118100,5.357999992370606,5.436999988555908,5.451499962806702,5.619999980926513,5.426799993515015,5.227449986934662,45.424211636926316,-0.0418910937760435,-0.031743619021734906,-0.010147474754308591,5.7099008095998895,5.451499962806702,5.1930991160135145,25.882368560757712,27.973870068778727,KZR
2021-02-03,5.300000190734863,5.360000133514404,5.139999866485596,5.269999980926514,5.269999980926514,185800,5.3420000076293945,5.425,5.4529999732971195,5.611799983978272,5.432899994850159,5.231199986934662,44.04739672854356,-0.050917702322503366,-0.0355784356818886,-0.015339266640614767,5.70677936561492,5.4529999732971195,5.199220580979319,24.31374242974192,26.666681626265568,KZR
2021-02-04,5.309999942779541,5.420000076293945,5.239999771118164,5.360000133514404,5.360000133514404,187900,5.330000019073486,5.4269999980926515,5.454499983787537,5.6053999900817875,5.439799995422363,5.235649988651276,47.152451568379114,-0.05023007345790376,-0.03850876323709163,-0.011721310220812124,5.7056950702031735,5.454499983787537,5.2033048973719005,23.137282181229327,24.444464390576275,KZR
2021-02-05,5.400000095367432,5.5,5.239999771118164,5.300000190734863,5.300000190734863,496300,5.328000068664551,5.395000028610229,5.4480000019073485,5.591399993896484,5.441999998092651,5.238949990272522,45.345784329616876,-0.053905230626651424,-0.04158805671500359,-0.012317173911647834,5.707969150209373,5.4480000019073485,5.188030853605324,22.352969115721436,23.267997908897517,KZR
2021-02-08,5.349999904632568,5.840000152587891,5.300000190734863,5.739999771118164,5.739999771118164,308800,5.398000049591064,5.396000003814697,5.4625,5.590799989700318,5.4502999973297115,5.244449989795685,58.04201096591775,-0.021070641020288328,-0.03748457357606054,0.016413932555772212,5.751973541948212,5.4625,5.173026458051789,40.784335504906245,28.75819560061896,KZR
2021-02-09,5.739999771118164,6.25,5.690000057220459,6.139999866485596,6.139999866485596,368300,5.561999988555908,5.459999990463257,5.4894999980926515,5.600799989700318,5.462399997711182,5.251649990081787,65.81632773177947,0.036803425578341376,-0.022626973745180155,0.05943039932352153,5.90047311273988,5.4894999980926515,5.078526883445423,61.46105198467802,41.53278553510186,KZR
2021-02-10,6.190000057220459,7.400000095367432,6.079999923706055,6.989999771118164,6.989999771118164,2358500,5.905999946594238,5.623999977111817,5.561499977111817,5.6217999839782715,5.480699996948243,5.263149988651276,75.9950265230049,0.14953320319093866,0.011805061642043611,0.13772814154889504,6.334630478486437,5.561499977111817,4.788369475737197,81.74139279326128,61.32892676094847,KZR
2021-02-11,6.940000057220459,6.940000057220459,5.96999979019165,6.059999942779541,6.059999942779541,320800,6.045999908447266,5.687999963760376,5.5924999713897705,5.611399984359741,5.490999994277954,5.2689999890327455,56.257166124491384,0.16196215144512482,0.041836479602659855,0.12012567184246498,6.392896604704948,5.5924999713897705,4.792103338074593,71.17035869343508,71.45760115712476,KZR
2021-02-12,6.139999866485596,6.159999847412109,5.900000095367432,6.03000020980835,6.03000020980835,108900,6.191999912261963,5.759999990463257,5.6089999914169315,5.600999984741211,5.501499996185303,5.274149990081787,55.754116252978804,0.16746106780104242,0.06696139724233638,0.10049967055870604,6.430897683756615,5.6089999914169315,4.787102299077248,54.38596381154883,69.09923843274835,KZR
2021-02-16,6.099999904632568,6.389999866485596,5.980000019073486,6.320000171661377,6.320000171661377,147800,6.307999992370606,5.853000020980835,5.65,5.597599992752075,5.515899996757508,5.282249991893768,59.52215856464882,0.19299484745505335,0.09216808728487977,0.10082676017017358,6.526082111159555,5.65,4.773917888840446,44.59064893139354,56.71565714545911,KZR
2021-02-17,6.25,6.25,5.809999942779541,5.960000038146973,5.960000038146973,129200,6.272000026702881,5.917000007629395,5.6769999980926515,5.586799993515014,5.526899995803833,5.289249992370605,53.43822672797229,0.1820826146249388,0.11015099275289157,0.07193162187204723,6.55634286504219,5.6769999980926515,4.797657131143113,42.94235588822935,47.3063228770572,KZR
2021-02-18,5.960000038146973,5.989999771118164,5.699999809265137,5.860000133514404,5.860000133514404,128600,6.0460000991821286,5.976000022888184,5.700500011444092,5.576199998855591,5.5401999950408936,5.292749993801117,51.852752844986185,0.16348092853806317,0.12081697990992589,0.042663948628137285,6.573001512846444,5.700500011444092,4.8279985100417395,40.25773069428866,42.596911837970474,KZR
2021-02-19,5.840000152587891,6.190000057220459,5.829999923706055,6.039999961853027,6.039999961853027,113800,6.042000102996826,6.0440000057220455,5.735500001907349,5.575999994277954,5.555499992370605,5.297299993038178,54.47123781670267,0.16140288809771697,0.1289341615474841,0.03246872655023286,6.603497056186975,5.735500001907349,4.867502947627723,35.98820482221586,39.72943046824458,KZR
2021-02-22,6.039999961853027,6.110000133514404,5.800000190734863,5.800000190734863,5.800000190734863,123200,5.996000099182129,6.094000005722046,5.744500017166137,5.575999994277954,5.56739999294281,5.300249993801117,50.525631123925365,0.13879016369659247,0.1309053619773058,0.007884801719286683,6.6112519335966535,5.744500017166137,4.877748100735621,33.62832530587217,36.62475360745886,KZR
2021-02-23,5.679999828338623,5.679999828338623,5.269999980926514,5.579999923706055,5.579999923706055,147200,5.8480000495910645,6.078000020980835,5.7370000123977665,5.5763999938964846,5.576099991798401,5.2977499938011166,47.153839902472704,0.1019421085914578,0.12511271130013618,-0.02317060270867838,6.606714845265741,5.7370000123977665,4.867285179529792,29.498529119274977,33.03835308245429,KZR
2021-02-24,5.639999866485596,5.880000114440918,5.53000020980835,5.679999828338623,5.679999828338623,76600,5.792000007629395,6.032000017166138,5.746000003814697,5.578599987030029,5.584499988555908,5.296099991798401,48.82555822976043,0.07988801668671197,0.11606777237745133,-0.03617975569073936,6.609421044877415,5.746000003814697,4.88257896275198,23.014316094370045,28.713723506505687,KZR
2021-02-25,5.699999809265137,5.849999904632568,5.400000095367432,5.550000190734863,5.550000190734863,87700,5.730000019073486,5.888000059127807,5.756000018119812,5.578399991989135,5.592299990653991,5.292499992847443,46.754920013816495,0.051328423542958745,0.10311990261055282,-0.05179147906759407,6.605362050848165,5.756000018119812,4.906637985391458,18.063755398165615,23.525533537270167,KZR
2021-02-26,5.630000114440918,5.670000076293945,5.340000152587891,5.480000019073486,5.480000019073486,98000,5.618000030517578,5.8300000667572025,5.759000015258789,5.577399988174438,5.599399991035462,5.29074999332428,45.63270804314312,0.02278367535144188,0.08705265715873063,-0.06426898180728875,6.604006447436916,5.759000015258789,4.9139935830806625,14.86046509215843,18.646178861564653,KZR
2021-03-01,5.639999866485596,6.170000076293945,5.619999885559082,6.159999847412109,6.159999847412109,157700,5.689999961853028,5.843000030517578,5.801500010490417,5.586999988555908,5.609299988746643,5.29404999256134,56.544311911810944,0.05440491392525537,0.08052310851203558,-0.026118194586780205,6.637353366111961,5.801500010490417,4.965646654868873,21.998351453447217,18.307523981257045,KZR
2021-03-02,6.110000133514404,6.230000019073486,5.909999847412109,5.960000038146973,5.960000038146973,118400,5.765999984741211,5.807000017166137,5.830000019073486,5.59479998588562,5.617299990653992,5.298049993515015,53.164605707796596,0.0626049888331579,0.07693948457626004,-0.014334495743102138,6.64643116019752,5.830000019073486,5.013568877949452,28.012517459776067,21.623778001793863,KZR
2021-03-03,5.920000076293945,5.96999979019165,5.599999904632568,5.849999904632568,5.849999904632568,206900,5.8,5.796000003814697,5.8565000057220455,5.598599987030029,5.623799991607666,5.301449992656708,51.346782779377,0.059541162354346255,0.07345982013187728,-0.013918657777531027,6.638683386547787,5.8565000057220455,5.074316624896304,36.30297631850625,28.7712817439098,KZR
2021-03-04,5.840000152587891,5.960000038146973,5.429999828338623,5.599999904632568,5.599999904632568,229100,5.809999942779541,5.769999980926514,5.873000001907348,5.6015999889373775,5.626599988937378,5.303899991512298,47.381541276215,0.03651917679568406,0.06607169146463863,-0.029552514668954574,6.618039495020491,5.873000001907348,5.127960508794206,32.19639394102056,32.170629239767585,KZR
2021-03-05,5.71999979019165,5.920000076293945,5.329999923706055,5.829999923706055,5.829999923706055,237700,5.8799999237060545,5.748999977111817,5.896499991416931,5.613199987411499,5.63189998626709,5.308999991416931,51.121340118449524,0.0364134155371163,0.06014003627913417,-0.023726620742017868,6.604038595749794,5.896499991416931,5.188961387084069,38.06493822665362,35.5214361620601,KZR
2021-03-08,5.900000095367432,6.059999942779541,5.699999809265137,5.96999979019165,5.96999979019165,285000,5.841999912261963,5.7659999370574955,5.929999971389771,5.622599983215332,5.637699985504151,5.3129999899864195,53.29723134120147,0.047083666971139415,0.05752876241753522,-0.010445095446395804,6.582717309622607,5.929999971389771,5.2772826331569345,50.29761082953468,40.18631433240291,KZR
2021-03-09,6.119999885559082,6.329999923706055,5.829999923706055,6.239999771118164,6.239999771118164,223700,5.897999858856201,5.831999921798706,5.95499997138977,5.636999979019165,5.645899982452392,5.318199989795684,57.24977845306275,0.0764454445848548,0.061312098850999135,0.01513334573385567,6.6149544270724885,5.95499997138977,5.295045515707052,70.97932322816021,53.11395742811612,KZR
2021-03-10,6.25,6.579999923706055,6.099999904632568,6.449999809265137,6.449999809265137,308600,6.017999839782715,5.908999919891357,5.970499968528747,5.6545999717712405,5.656399979591369,5.3228999876976015,60.07966441466234,0.11533065294254019,0.07211580966930735,0.04321484327323284,6.660962755065793,5.970499968528747,5.280037181991702,84.33809879764395,68.5383442851129,KZR
2021-03-11,6.440000057220459,6.570000171661377,6.289999961853027,6.559999942779541,6.559999942779541,171600,6.209999847412109,6.0099998950958256,5.948999977111816,5.675799970626831,5.6690999794006345,5.329349987506866,61.516680448909725,0.15325690201660436,0.08834402813876675,0.0649128738778376,6.52909991289974,5.948999977111816,5.368900041323892,93.3530098831166,82.89014396964022,KZR
2021-03-12,6.440000057220459,6.829999923706055,6.269999980926514,6.800000190734863,6.800000190734863,180300,6.403999900817871,6.141999912261963,5.985999989509582,5.708999977111817,5.680799980163574,5.3368499875068665,64.51778620874407,0.20037000124751714,0.11074922276051682,0.08962077848700031,6.674052317514548,5.985999989509582,5.297947661504617,95.54218355470715,91.07776407848921,KZR
2021-03-15,6.730000019073486,6.809999942779541,6.21999979019165,6.369999885559082,6.369999885559082,183900,6.483999919891358,6.16299991607666,6.002999973297119,5.72959997177124,5.68759997844696,5.342449986934662,56.07949305311125,0.20069653611529237,0.12873868543147193,0.07195785068382043,6.711070583076869,6.002999973297119,5.29492936351737,88.62785158195737,92.50768167326034,KZR
2021-03-16,6.380000114440918,6.46999979019165,6.170000076293945,6.300000190734863,6.300000190734863,123900,6.496000003814697,6.19699993133545,6.0019999742507935,5.751199979782104,5.692499980926514,5.350099987983704,54.82246271565562,0.1930812070244059,0.14160718975005873,0.05147401727434717,6.7083313335436685,6.0019999742507935,5.295668614957918,77.35898512746884,87.17634008804441,KZR
2021-03-17,6.25,6.400000095367432,6.099999904632568,6.289999961853027,6.289999961853027,238000,6.464000034332275,6.240999937057495,6.018499970436096,5.771399974822998,5.69849997997284,5.357099988460541,54.634052877885594,0.18411668640679135,0.15010908908140524,0.03400759732538611,6.735473463160404,6.018499970436096,5.301526477711788,66.00000593397368,77.32894754779993,KZR
2021-03-18,6.239999771118164,6.309999942779541,6.039999961853027,6.079999923706055,6.079999923706055,170300,6.368000030517578,6.288999938964844,6.029499959945679,5.788199977874756,5.703099980354309,5.3631499886512755,50.69405335497997,0.1582428659407329,0.15173584445327076,0.006507021487462128,6.743151835429835,6.029499959945679,5.315848084461523,59.555562337239735,67.63818446622737,KZR
2021-03-19,6.039999961853027,6.400000095367432,6.0,6.400000095367432,6.400000095367432,339000,6.288000011444092,6.3459999561309814,6.047499966621399,5.809599981307984,5.709399981498718,5.372799990177154,55.91166735084866,0.16169509589682818,0.15372769474198225,0.007967401154845927,6.779234220625027,6.047499966621399,5.315765712617771,61.777782440185696,62.444450237133,KZR
2021-03-22,6.440000057220459,6.710000038146973,6.230000019073486,6.670000076293945,6.670000076293945,134300,6.3480000495910645,6.415999984741211,6.090999960899353,5.83439998626709,5.719799981117249,5.367399990558624,59.77909898973278,0.1840956153278288,0.15980127885915157,0.024294336468677236,6.861140253293667,6.090999960899353,5.320859668505039,70.22222942776165,63.85185806839565,KZR
2021-03-23,6.570000171661377,7.159999847412109,6.260000228881836,6.730000019073486,6.730000019073486,314900,6.434000015258789,6.465000009536743,6.148499965667725,5.8599999904632565,5.729699983596801,5.366649990081787,60.60608824098086,0.20433424433079495,0.16870787195348025,0.0356263723773147,6.929096580471264,6.148499965667725,5.367903350864185,79.0564763081695,70.35216272537224,KZR
2021-03-24,6.800000190734863,7.039999961853027,6.510000228881836,6.610000133514404,6.610000133514404,162900,6.498000049591065,6.48100004196167,6.1949999809265135,5.880199995040893,5.73979998588562,5.36839998960495,58.03593094169733,0.20828948422492122,0.17662419440776844,0.031665289817152775,6.969196386637306,6.1949999809265135,5.420803575215721,78.59381790644913,75.95750788079339,KZR
2021-03-25,6.460000038146973,6.989999771118164,6.28000020980835,6.559999942779541,6.559999942779541,139500,6.594000053405762,6.48100004196167,6.245499968528748,5.900399990081787,5.75189998626709,5.3736999893188475,56.952180422842524,0.20502603035998934,0.18230456159821262,0.02272146876177672,6.975307565217953,6.245499968528748,5.515692371839542,68.45074246943359,75.36701222801736,KZR
2021-03-26,6.570000171661377,6.579999923706055,6.010000228881836,6.170000076293945,6.170000076293945,224900,6.548000049591065,6.418000030517578,6.2799999713897705,5.914999990463257,5.7623999881744385,5.377899990081787,49.23000406932572,0.16902161384747405,0.1796479720480649,-0.010626358200590852,6.9217165284598865,6.2799999713897705,5.6382834143196545,51.471136493577525,66.1718989564867,KZR
2021-03-29,6.329999923706055,6.329999923706055,5.550000190734863,5.599999904632568,5.599999904632568,423300,6.334000015258789,6.341000032424927,6.2519999742507935,5.912999992370605,5.76979998588562,5.38169998884201,40.57145447977008,0.0934167540102937,0.16240172844051065,-0.06898497443021695,6.95787825870628,6.2519999742507935,5.5461216897953065,29.191204287498703,49.70436108350322,KZR
2021-03-30,5.579999923706055,6.119999885559082,5.360000133514404,5.929999828338623,5.929999828338623,220900,6.173999977111817,6.303999996185302,6.250499963760376,5.921599988937378,5.778199982643128,5.387149987220764,46.44425047665337,0.05944237906016259,0.14180985856444103,-0.08236747950427845,6.958976624347372,6.250499963760376,5.54202330317338,20.112050137806374,33.591463639627484,KZR
2021-03-31,5.920000076293945,6.170000076293945,5.900000095367432,5.960000038146973,5.960000038146973,230500,6.04399995803833,6.271000003814697,6.255999970436096,5.9323999881744385,5.78309998512268,5.3921499872207646,46.95743022096756,0.03454005212884326,0.12035589727732147,-0.08581584514847822,6.953578754651019,6.255999970436096,5.558421186221173,22.701853677699038,24.001702701001324,KZR
2021-04-01,6.0,6.099999904632568,5.869999885559082,5.980000019073486,5.980000019073486,3496600,5.927999973297119,6.26100001335144,6.274999976158142,5.9441999912261965,5.788199987411499,5.395949988365174,47.31984045964976,0.01623150327218781,0.09953101847629474,-0.08329951520410693,6.918692555485112,6.274999976158142,5.631307396831172,33.148143880160696,25.32068256522199,KZR
2021-04-05,6.070000171661377,6.400000095367432,5.980000019073486,6.360000133514404,6.360000133514404,1428800,5.965999984741211,6.2570000171661375,6.30149998664856,5.964599990844727,5.800799989700318,5.401799988746643,53.78132386412805,0.03201562365873123,0.08602793951278204,-0.05401231585405081,6.912541008569573,6.30149998664856,5.690458964727547,41.11111376020699,32.32037043935553,KZR
2021-04-06,6.389999866485596,6.570000171661377,6.320000171661377,6.460000038146973,6.460000038146973,396800,6.138000011444092,6.236000013351441,6.325999999046326,5.981399993896485,5.811499991416931,5.406899988651276,55.33393738500766,0.05199444970253886,0.0792212415507334,-0.027226791848194543,6.920992524423841,6.325999999046326,5.731007473668811,50.37037449118611,41.54321071051789,KZR
2021-04-07,6.460000038146973,6.5,6.199999809265137,6.21999979019165,6.21999979019165,104800,6.196000003814698,6.184999990463257,6.325,5.991199989318847,5.818399987220764,5.409249987602234,50.91340297227842,0.04790952782358726,0.07295889880530418,-0.025049370981716917,6.920634205093591,6.325,5.72936579490641,54.8148154035029,48.765434551631955,KZR
2021-04-08,6.429999828338623,6.429999828338623,6.070000171661377,6.179999828338623,6.179999828338623,54500,6.2399999618530275,6.141999959945679,6.311500000953674,6.0047999858856205,5.823899984359741,5.41314998626709,50.193680907788675,0.04097223278116324,0.06656156560047599,-0.02558933281931275,6.907428793573718,6.311500000953674,5.71557120833363,51.48147588894616,52.222221927878344,KZR
2021-04-09,6.119999885559082,6.239999771118164,5.989999771118164,6.039999961853027,6.039999961853027,104500,6.251999950408935,6.089999961853027,6.285500001907349,6.018599987030029,5.829299983978271,5.415949985980988,47.65452391070223,0.023902029563534377,0.05802965839308767,-0.034127628829553294,6.881166969348685,6.285500001907349,5.689833034466012,43.70369546207263,49.99999558484052,KZR
2021-04-12,6.010000228881836,6.139999866485596,5.699999809265137,5.800000190734863,5.800000190734863,140100,6.139999961853027,6.052999973297119,6.235500001907349,6.026199989318847,5.8319999837875365,5.416949987411499,43.584127088771886,-0.008889729964701054,0.04464578072152993,-0.05353551068623098,6.817753435190262,6.235500001907349,5.653246568624436,35.92592386551826,43.703698405512306,KZR
2021-04-13,5.849999904632568,5.849999904632568,5.550000190734863,5.760000228881836,5.760000228881836,214600,6.0,6.069000005722046,6.205000019073486,6.035199995040894,5.832799987792969,5.417499988079071,42.92603477049446,-0.037670852136470145,0.028182454149929915,-0.06585330628640006,6.818921860880171,6.205000019073486,5.591078177266801,28.677252557783465,36.10229062845807,KZR
2021-04-14,5.760000228881836,6.28000020980835,5.760000228881836,6.170000076293945,6.170000076293945,160400,5.990000057220459,6.093000030517578,6.19850001335144,6.050799999237061,5.837599987983704,5.42129998922348,51.07975641603145,-0.027084326384765767,0.01712909804299078,-0.04421342442775655,6.811012070559734,6.19850001335144,5.585987956143146,32.6490808330789,32.41741908546016,KZR
2021-04-15,6.239999771118164,6.269999980926514,5.849999904632568,5.949999809265137,5.949999809265137,134800,5.9440000534057615,6.0920000076293945,6.181500005722046,6.063399991989136,5.841699986457825,5.423749988079071,47.18445578236104,-0.03603126538632839,0.006497025357126944,-0.042528290743455335,6.801734672085481,6.181500005722046,5.56126533935861,40.62114282240269,33.9824920710883,KZR
2021-04-16,5.940000057220459,5.940000057220459,5.510000228881836,5.739999771118164,5.739999771118164,114100,5.884000015258789,6.067999982833863,6.164499998092651,6.072799987792969,5.84229998588562,5.426549987792969,43.7544471447036,-0.059382502514532476,-0.00667888021720494,-0.052703622297327536,6.812928157893386,6.164499998092651,5.516071838291917,43.152941428568774,38.80772169468341,KZR
2021-04-19,5.679999828338623,5.75,5.5,5.619999885559082,5.619999885559082,150800,5.847999954223633,5.99399995803833,6.125499987602234,6.0779999828338624,5.841699986457825,5.428249986171722,41.88092566324486,-0.08657354808676132,-0.022657813791116217,-0.06391573429564511,6.805631659042452,6.125499987602234,5.445368316162017,33.75104911678434,39.17504445591856,KZR
2021-04-20,5.630000114440918,5.679999828338623,5.329999923706055,5.400000095367432,5.400000095367432,98200,5.775999927520752,5.887999963760376,6.061999988555908,6.079999980926513,5.835699987411499,5.428999986648559,38.61630094351836,-0.12444032149240858,-0.04301431533137469,-0.08142600616103389,6.763729309868645,6.061999988555908,5.360270667243172,19.512561292944167,32.138850612765715,KZR
2021-04-21,5.360000133514404,5.840000152587891,5.329999923706055,5.78000020980835,5.78000020980835,203800,5.697999954223633,5.844000005722046,6.014499998092651,6.080799989700317,5.835799989700317,5.432499988079071,46.38970642698773,-0.12237649868966649,-0.05888675200303305,-0.06348974668663344,6.654858499951159,6.014499998092651,5.374141496234143,21.141031512661623,24.801547307463334,KZR
2021-04-22,5.75,5.769999980926514,5.599999904632568,5.650000095367432,5.650000095367432,161900,5.638000011444092,5.791000032424927,5.966499996185303,6.070999994277954,5.835899991989136,5.435749988555909,44.32184793231363,-0.12973531902822266,-0.07305646540807097,-0.056678853620151695,6.563568638579013,5.966499996185303,5.369431353791593,22.580657566000724,21.07808345720213,KZR
2021-04-23,5.679999828338623,5.829999923706055,5.539999961853027,5.690000057220459,5.690000057220459,158500,5.628000068664551,5.75600004196167,5.923000001907349,6.045,5.833399991989136,5.436699988842011,45.13228002688311,-0.13083143123649954,-0.08461145857375668,-0.04621997266274286,6.464999975753459,5.923000001907349,5.381000028061239,30.37635390641727,24.699347661693164,KZR
2021-04-26,5.71999979019165,5.949999809265137,5.610000133514404,5.75,5.75,194100,5.654000091552734,5.751000022888183,5.901999998092651,6.038800001144409,5.825099992752075,5.439899988174439,46.39274655660783,-0.12541293190459957,-0.09277175323992526,-0.03264117866467431,6.4365876558167585,5.901999998092651,5.367412340368544,30.24538780002291,27.73413309081359,KZR
2021-04-27,5.760000228881836,5.96999979019165,5.690000057220459,5.71999979019165,5.71999979019165,104300,5.718000030517578,5.746999979019165,5.9079999923706055,6.0325999927520755,5.816799988746643,5.443349986076355,45.8258767490327,-0.12213164082409467,-0.09864373075675914,-0.023487910067335527,6.431472979172033,5.9079999923706055,5.384527005569178,33.461413164855394,31.36105162376515,KZR
2021-04-28,5.690000057220459,6.0,5.539999961853027,5.860000133514404,5.860000133514404,213000,5.734000015258789,5.715999984741211,5.9045000076293945,6.023399991989136,5.810499992370605,5.448649985790253,48.96011781888126,-0.10700089659767809,-0.10031516392494293,-0.006685732672735159,6.428273782337112,5.9045000076293945,5.380726232921677,42.380485145296355,35.362428703391515,KZR
2021-04-29,5.909999847412109,5.909999847412109,5.559999942779541,5.730000019073486,5.730000019073486,106100,5.75,5.694000005722046,5.89300000667572,6.018799991607666,5.80279999256134,5.452749986648559,46.28245312127188,-0.10429732097286415,-0.10111159533452717,-0.003185725638336981,6.421473246781163,5.89300000667572,5.364526766570277,44.44975862485327,40.09721897833497,KZR
2021-04-30,5.630000114440918,6.0,5.579999923706055,5.829999923706055,5.829999923706055,201200,5.777999973297119,5.703000020980835,5.8855000019073485,6.018199987411499,5.797199993133545,5.456799986362458,48.61068946472507,-0.09301336111409775,-0.09949194849044128,0.006478587376343534,6.413078400707804,5.8855000019073485,5.357921603106893,50.175434193564165,45.66855932123789,KZR
2021-05-03,5.840000152587891,5.889999866485596,5.690000057220459,5.760000228881836,5.760000228881836,122300,5.780000019073486,5.71700005531311,5.855500006675721,6.012599992752075,5.794299993515015,5.461599986553193,47.07267295734574,-0.08869669173934192,-0.0973328971402214,0.00863620540087949,6.338054595973231,5.855500006675721,5.37294541737821,46.6666666666668,47.097286495028044,KZR
2021-05-04,5.769999980926514,6.0,5.590000152587891,5.75,5.75,1586900,5.786000061035156,5.752000045776367,5.820000004768372,6.011599988937378,5.793799991607666,5.46604998588562,46.844645236234086,-0.0851016363652004,-0.0948866449852172,0.0097850086200168,6.216181685039407,5.820000004768372,5.423818324497336,47.52519864807294,48.1224331694346,KZR
2021-05-05,5.75,5.789999961853027,5.559999942779541,5.679999828338623,5.679999828338623,219000,5.75,5.742000007629395,5.793000006675721,6.013599987030029,5.794999990463257,5.470099985599518,45.19429451656894,-0.08689923759929918,-0.0932891635080336,0.006389925908734412,6.1479140362754565,5.793000006675721,5.438085977075985,47.39427287836015,47.195379397699924,KZR
2021-05-06,5.650000095367432,5.650000095367432,5.130000114440918,5.5,5.5,831200,5.703999996185303,5.726999998092651,5.759000015258789,6.009999990463257,5.794299988746643,5.472799985408783,41.17704220447463,-0.10167627059776496,-0.09496658492597987,-0.006709685671785093,6.088478389557147,5.759000015258789,5.429521640960432,46.48279010679612,47.13408721107637,KZR
2021-05-07,5.440000057220459,5.639999866485596,5.289999961853027,5.599999904632568,5.599999904632568,993500,5.6579999923706055,5.717999982833862,5.7370000123977665,6.010999984741211,5.794699988365173,5.4763499855995175,44.147350030972504,-0.10411781379569973,-0.09679683069992384,-0.00732098309577589,6.046651448153137,5.7370000123977665,5.427348576642396,49.596828452042494,47.82463047906622,KZR
2021-05-10,5.559999942779541,5.559999942779541,5.21999979019165,5.21999979019165,5.21999979019165,163600,5.5499999046325685,5.664999961853027,5.707999992370605,6.005799980163574,5.7915999841690065,5.478049983978272,36.5868799149357,-0.13515757541562845,-0.10446897964306476,-0.030688595772563693,6.089030238515493,5.707999992370605,5.326969746225718,35.63216374845954,43.903927435766015,KZR
2021-05-11,5.059999942779541,5.329999923706055,5.010000228881836,5.050000190734863,5.050000190734863,212000,5.409999942779541,5.598000001907349,5.6724999904632565,5.983599987030029,5.7852999877929685,5.47934998512268,33.79827166606194,-0.17149744130909816,-0.11787467197627144,-0.053622769332826725,6.148099602328791,5.6724999904632565,5.196900378597722,22.802721431443242,36.010571210648386,KZR
2021-05-12,5.039999961853027,5.130000114440918,4.900000095367432,4.929999828338623,4.929999828338623,86500,5.259999942779541,5.50499997138977,5.610499978065491,5.962999982833862,5.778899984359741,5.480549983978271,31.94723608585847,-0.20758713789759575,-0.1358171651605363,-0.07176997273705946,6.131632413947232,5.610499978065491,5.08936754218375,5.704147162202115,21.379677447368262,KZR
2021-05-13,5.019999980926514,5.230000019073486,4.940000057220459,5.150000095367432,5.150000095367432,139100,5.189999961853028,5.446999979019165,5.570499992370605,5.94899998664856,5.773799986839294,5.483699984550476,38.587735183438056,-0.21594699696722408,-0.15184313152187384,-0.06410386544535024,6.103921984438581,5.570499992370605,5.037078000302629,9.831641502445796,12.77950336536368,KZR
2021-05-14,5.170000076293945,5.309999942779541,5.139999866485596,5.239999771118164,5.239999771118164,151500,5.117999935150147,5.387999963760376,5.545499992370606,5.941799983978272,5.771699986457825,5.488099982738495,41.11897188172817,-0.21285634834972722,-0.1640457748874445,-0.04881057346228271,6.091521114555655,5.545499992370606,4.999478870185556,18.78786249922526,11.441217054624353,KZR
2021-05-17,5.179999828338623,5.480000019073486,5.179999828338623,5.480000019073486,5.480000019073486,69500,5.169999980926514,5.359999942779541,5.5384999990463255,5.93479998588562,5.773999986648559,5.493449983596801,47.35092039616563,-0.18886386770596797,-0.1690093934511492,-0.01985447425481876,6.084110729081439,5.5384999990463255,4.992889269011212,35.45453639069798,21.358013464122976,KZR
2021-05-18,5.460000038146973,5.869999885559082,5.360000133514404,5.619999885559082,5.619999885559082,214200,5.283999919891357,5.346999931335449,5.549499988555908,5.927799987792969,5.77519998550415,5.499699983596802,50.63326016080198,-0.15674596483002912,-0.16655670772692518,0.009810742896896069,6.092361915098102,5.549499988555908,5.006638062013715,49.696955510077935,34.646451466667024,KZR
2021-05-19,5.550000190734863,5.670000076293945,5.239999771118164,5.349999904632568,5.349999904632568,91200,5.367999935150147,5.313999938964844,5.527999973297119,5.909999990463257,5.7734999847412105,5.503649983406067,44.82869557224347,-0.15133454692615178,-0.1635122755667705,0.012177728640618724,6.066687317646507,5.527999973297119,4.98931262894773,53.0302931782949,46.06059502635691,KZR
2021-05-20,5.360000133514404,6.139999866485596,5.289999961853027,5.980000019073486,5.980000019073486,259800,5.533999919891357,5.361999940872193,5.5444999694824215,5.900599994659424,5.777599983215332,5.5103499841690065,57.16740466209155,-0.09511380243721668,-0.14983258094085974,0.05471877850364307,6.116320796127505,5.5444999694824215,4.972679142837338,64.48679776313811,55.73801548383695,KZR
2021-05-21,6.070000171661377,6.239999771118164,5.690000057220459,6.110000133514404,6.110000133514404,225500,5.707999992370605,5.412999963760376,5.565499973297119,5.891599998474121,5.783699984550476,5.51729998588562,59.1953396566377,-0.03961191312510248,-0.12778844737770828,0.0881765342526058,6.185934570286884,5.565499973297119,4.945065376307355,72.76813113108317,63.428407357505364,KZR
2021-05-24,6.099999904632568,6.099999904632568,5.559999942779541,5.599999904632568,5.599999904632568,130100,5.7319999694824215,5.450999975204468,5.557999968528748,5.867599992752075,5.788299984931946,5.5224999856948855,49.32829556849316,-0.03635988804065704,-0.10950273551029803,0.07314284746964099,6.172934181219439,5.557999968528748,4.943065755838056,76.54470688458899,71.26654525960339,KZR
2021-05-25,5.599999904632568,5.659999847412109,5.420000076293945,5.420000076293945,5.420000076293945,84400,5.692000007629394,5.487999963760376,5.542999982833862,5.848599996566772,5.789099984169006,5.52649998664856,46.38926917756768,-0.0477566081064591,-0.09715351002953024,0.04939690192307114,6.156028606359497,5.542999982833862,4.929971359308228,60.44777155082082,69.92020318883097,KZR
2021-05-26,5.429999828338623,5.71999979019165,5.340000152587891,5.679999828338623,5.679999828338623,60100,5.757999992370605,5.562999963760376,5.533999967575073,5.836199989318848,5.793699984550476,5.531199986934662,50.93654243320715,-0.03540070647802196,-0.08480294931922858,0.04940224284120662,6.133279588946005,5.533999967575073,4.934720346204141,49.75124395813379,62.247907464514505,KZR
2021-05-27,5.769999980926514,5.980000019073486,5.630000114440918,5.860000133514404,5.860000133514404,118400,5.734000015258789,5.633999967575074,5.540499973297119,5.827599992752075,5.799499983787537,5.537699987888336,53.85471928660011,-0.01095773121120125,-0.0700339056976231,0.059076174486421856,6.150859770379103,5.540499973297119,4.930140176215135,56.218912908281645,55.47264280574539,KZR
2021-05-28,5.710000038146973,6.0,5.699999809265137,5.71999979019165,5.71999979019165,79000,5.655999946594238,5.681999969482422,5.534999966621399,5.820399990081787,5.804299983978272,5.543899986743927,51.29905745760565,-0.00285049613945354,-0.05659722378598919,0.05374672764653565,6.136747483604971,5.534999966621399,4.933252449637827,63.68159416427102,56.55058367689546,KZR
2021-06-01,5.800000190734863,6.090000152587891,5.760000228881836,5.940000057220459,5.940000057220459,118000,5.723999977111816,5.727999973297119,5.54399995803833,5.8111999893188475,5.810399985313415,5.551099987030029,54.91938792015104,0.021083689347997314,-0.04106104115919189,0.0621447305071892,6.164045170815181,5.54399995803833,4.9239547452614785,70.14926311441887,63.34992339565715,KZR
2021-06-02,5.989999771118164,6.019999980926514,5.670000076293945,5.78000020980835,5.78000020980835,99600,5.796000003814697,5.744000005722046,5.545499968528747,5.793399991989136,5.813899989128113,5.5575999879837035,51.897763152158404,0.02683175351927325,-0.02748248222349886,0.05431423574277211,6.167672843275839,5.545499968528747,4.923327093781656,67.80712956313523,67.21266228060834,KZR
2021-06-03,5.78000020980835,5.900000095367432,5.599999904632568,5.690000057220459,5.690000057220459,104100,5.798000049591065,5.778000020980835,5.545999979972839,5.772599992752075,5.816299991607666,5.563049988746643,50.22384894220833,0.023849948278710897,-0.01721599612305691,0.04106594440176781,6.168620328735948,5.545999979972839,4.92337963120973,64.0757961599466,67.34406294583353,KZR
2021-06-04,5.690000057220459,5.789999961853027,5.550000190734863,5.570000171661377,5.570000171661377,114500,5.740000057220459,5.737000036239624,5.549499988555908,5.751799993515014,5.815999994277954,5.566799988746643,48.00076928992594,0.011669341355851515,-0.011438928627275224,0.02310826998312674,6.171833581303609,5.549499988555908,4.927166395808207,50.469306484350575,60.78407740247743,KZR
2021-06-07,5.579999923706055,5.940000057220459,5.519999980926514,5.679999828338623,5.679999828338623,280500,5.732000064849854,5.694000005722046,5.553499984741211,5.7341999912261965,5.817299990653992,5.571849987506867,50.17779307425735,0.010768048244037765,-0.006997533253012626,0.01776558149705039,6.178104735056365,5.553499984741211,4.928895234426056,43.59750486723605,52.71420250384437,KZR
2021-06-08,5.75,5.75,5.630000114440918,5.639999866485596,5.639999866485596,88300,5.6720000267028805,5.6980000019073485,5.574499988555909,5.723599987030029,5.819299988746643,5.575599987506866,49.368383947619165,0.006748313968795827,-0.004248363808650935,0.010996677777446763,6.180815965115003,5.574499988555909,4.968184011996814,40.26416748801105,44.776992946532516,KZR
2021-06-09,5.670000076293945,5.849999904632568,5.619999885559082,5.71999979019165,5.71999979019165,134300,5.659999942779541,5.727999973297119,5.607999968528747,5.725999984741211,5.819499988555908,5.579249987602234,51.06842880596222,0.009903805940883359,-0.001417929858744076,0.011321735799627435,6.166877504014331,5.607999968528747,5.049122433043164,43.08772139051675,42.316464581921245,KZR
2021-06-10,5.760000228881836,5.78000020980835,5.539999961853027,5.670000076293945,5.670000076293945,75400,5.655999946594238,5.726999998092651,5.644999980926514,5.720799989700318,5.821199989318847,5.584799988269806,49.939807904195696,0.008274612434971296,0.0005205785999989985,0.0077540338349722975,6.109435187014205,5.644999980926514,5.180564774838822,40.64327739347607,41.33172209066792,KZR
2021-06-11,5.710000038146973,5.75,5.599999904632568,5.639999866485596,5.639999866485596,65200,5.669999885559082,5.70499997138977,5.6694999694824215,5.71439998626709,5.823399987220764,5.588949987888336,49.236693605730935,0.004510702068876604,0.0013186032937745197,0.0031920987751020845,6.074838205755489,5.6694999694824215,5.264161733209354,40.46782736257679,41.399608715523165,KZR
2021-06-14,5.710000038146973,5.960000038146973,5.659999847412109,5.78000020980835,5.78000020980835,214000,5.689999961853028,5.71100001335144,5.696499991416931,5.710399990081787,5.827299990653992,5.593149988651276,52.59119201478458,0.012678483989348344,0.0035905794328892843,0.00908790455645906,6.052773843377084,5.696499991416931,5.340226139456778,44.93566915701024,42.01559130435433,KZR
2021-06-15,5.769999980926514,5.889999866485596,5.539999961853027,5.639999866485596,5.639999866485596,130200,5.689999961853028,5.680999994277954,5.704499983787537,5.695999984741211,5.830299987792968,5.597949988842011,49.09722111142148,0.007765140625060063,0.00442549167132344,0.0033396489537366233,6.047922556279919,5.704499983787537,5.361077411295155,46.0467651977114,43.81675390576611,KZR
2021-06-16,5.610000133514404,5.809999942779541,5.53000020980835,5.650000095367432,5.650000095367432,93700,5.676000022888184,5.667999982833862,5.7059999942779545,5.67979998588562,5.830599989891052,5.602449989318847,49.35604206423341,0.004624902508285622,0.004465373838715876,0.00015952866956974593,6.04819300621544,5.7059999942779545,5.363806982340469,40.49122230057669,43.824552218432736,KZR
2021-06-17,5.590000152587891,5.789999961853027,5.590000152587891,5.650000095367432,5.650000095367432,56300,5.6720000267028805,5.66399998664856,5.721000003814697,5.668399991989136,5.829799990653992,5.606399989128112,49.35604206423341,0.002111896547755343,0.003994678380523769,-0.0018827818327684263,6.023450067865828,5.721000003814697,5.418549939763566,28.53800778610336,38.35866509479711,KZR
2021-06-18,5.53000020980835,5.71999979019165,5.440000057220459,5.489999771118164,5.489999771118164,315700,5.642000007629394,5.655999946594238,5.696499991416931,5.654599990844726,5.8296999883651734,5.6105499887466435,45.10081607929888,-0.01264460859274763,0.0006668209858694892,-0.013311429578617119,5.990321465674586,5.696499991416931,5.402678517159276,17.768774684416904,28.932668257032287,KZR
2021-06-21,5.550000190734863,5.619999885559082,5.309999942779541,5.340000152587891,5.340000152587891,83700,5.553999996185302,5.621999979019165,5.6579999923706055,5.640599994659424,5.829599990844726,5.613849990367889,41.48943131908708,-0.036027656450624335,-0.006672074501429277,-0.029355581949195058,5.925626621357279,5.6579999923706055,5.390373363383932,11.57489157891183,19.293891349810668,KZR
2021-06-22,5.289999961853027,5.409999847412109,5.119999885559082,5.329999923706055,5.329999923706055,328400,5.492000007629395,5.590999984741211,5.644499993324279,5.631199989318848,5.828699989318848,5.617599990367889,41.25227118150786,-0.05473487566374402,-0.016284634733892227,-0.03845024092985179,5.947384492133735,5.644499993324279,5.341615494514824,12.305881328031424,13.883182530453354,KZR
2021-06-23,5.300000190734863,5.480000019073486,5.28000020980835,5.309999942779541,5.309999942779541,204800,5.423999977111817,5.55,5.638999986648559,5.6221999835968015,5.828699989318848,5.620949990749359,40.750573309059654,-0.07036320970048315,-0.027100349727210413,-0.04326285997327274,5.961360085821621,5.638999986648559,5.316639887475498,17.281477252777304,13.720750053240153,KZR
2021-06-24,5.369999885559082,5.519999980926514,5.349999904632568,5.46999979019165,5.46999979019165,84000,5.3879999160766605,5.5299999713897705,5.628499984741211,5.608199977874756,5.8294999885559085,5.624799990653992,46.369822597036844,-0.06904225042345313,-0.03548872986645896,-0.033553520556994176,5.958425808609881,5.628499984741211,5.2985741608725405,29.761899355588856,19.78308597879916,KZR
2021-06-25,5.510000228881836,5.900000095367432,5.420000076293945,5.800000190734863,5.800000190734863,1153600,5.45,5.546000003814697,5.625499987602234,5.60519998550415,5.834299988746643,5.630549991130829,55.70155382531239,-0.04089568626935769,-0.036570121147038705,-0.004325565122318985,5.947957813804091,5.625499987602234,5.303042161400377,48.41270021480384,31.818692274389964,KZR
2021-06-28,5.75,5.820000171661377,5.510000228881836,5.590000152587891,5.590000152587891,123300,5.5,5.526999998092651,5.619000005722046,5.602199993133545,5.8374999904632565,5.635199992656708,49.76704923956582,-0.03512962695500388,-0.03628202230863174,0.0011523953536278636,5.93880628417887,5.619000005722046,5.299193727265221,59.52381763328362,45.8994724012254,KZR
2021-06-29,5.599999904632568,5.739999771118164,5.510000228881836,5.539999961853027,5.539999961853027,162000,5.542000007629395,5.517000007629394,5.599000000953675,5.600599994659424,5.839299988746643,5.639549992084503,48.443649681709346,-0.03420034069092637,-0.03586568598509067,0.0016653452941643027,5.8841596926201305,5.599000000953675,5.313840309287219,62.30160171843007,56.746039855505806,KZR
2021-06-30,5.480000019073486,5.670000076293945,5.400000095367432,5.429999828338623,5.429999828338623,137700,5.565999984741211,5.494999980926513,5.581499981880188,5.6011999893188475,5.84059998512268,5.641299991607666,45.57248539894033,-0.0418574593604939,-0.03706404066017131,-0.004793418700322585,5.863015600680893,5.581499981880188,5.299984363079482,47.61905032220571,56.48148989130643,KZR
2021-07-01,5.5,5.559999942779541,5.300000190734863,5.440000057220459,5.440000057220459,69300,5.560000038146972,5.473999977111816,5.568999981880188,5.5943999862670895,5.837599987983704,5.643949992656708,45.88648445917462,-0.04658187926931934,-0.03896760838200092,-0.0076142708873184195,5.852330241638531,5.568999981880188,5.2856697221218445,41.66666666666676,50.52910623576747,KZR
2021-07-02,5.5,5.5,5.260000228881836,5.360000133514404,5.360000133514404,43000,5.472000026702881,5.46100001335144,5.558499979972839,5.58859998703003,5.829799990653992,5.6460999941825865,43.7138187566809,-0.05613426052749482,-0.0424009388110997,-0.013733321716395117,5.856108822553113,5.558499979972839,5.260891137392566,35.25641809396837,41.51404502761357,KZR
2021-07-06,5.329999923706055,5.5,5.239999771118164,5.429999828338623,5.429999828338623,119200,5.439999961853028,5.469999980926514,5.545999979972839,5.583399982452392,5.814199991226197,5.64744999408722,46.117872197321404,-0.057394592005586276,-0.045399669449997015,-0.01199492255558926,5.8431464730455165,5.545999979972839,5.2488534869001615,36.20269253671318,37.70859243244939,KZR
2021-07-07,5.5,5.579999923706055,5.269999980926514,5.449999809265137,5.449999809265137,107000,5.421999931335449,5.4819999694824215,5.536499977111816,5.577399978637695,5.808099989891052,5.649549992084503,46.81680412898267,-0.05613252169934757,-0.04754623989986713,-0.008586281799480441,5.833166539012944,5.536499977111816,5.239833415210689,37.60683238179902,36.35531433749348,KZR
2021-07-08,5.329999923706055,5.739999771118164,5.329999923706055,5.679999828338623,5.679999828338623,97200,5.471999931335449,5.51899995803833,5.534499979019165,5.576599979400635,5.804599986076355,5.653049991130829,54.17798226614213,-0.03615645345128371,-0.045268282610150444,0.009111829158866734,5.8266969231529755,5.534499979019165,5.242303034885354,51.28202933688892,41.69718475180033,KZR
2021-07-09,5.71999979019165,5.809999942779541,5.550000190734863,5.769999980926514,5.769999980926514,129400,5.53799991607666,5.548999977111817,5.539499974250793,5.574799976348877,5.799099984169007,5.657499990463257,56.70336440096315,-0.01291414902255461,-0.038797455892631276,0.025883306870076665,5.843965159878375,5.539499974250793,5.235034788623211,65.81194647932278,51.56693606600353,KZR
2021-07-12,5.690000057220459,5.809999942779541,5.559999942779541,5.610000133514404,5.610000133514404,73800,5.58799991607666,5.5299999713897705,5.537999987602234,5.572399978637695,5.7955999851226805,5.661249990463257,51.291360288550536,-0.007320717152322409,-0.032502108144569504,0.025181390992247095,5.8407607153111645,5.537999987602234,5.235239259893303,72.64956533451858,63.24784705024339,KZR
2021-07-13,5.610000133514404,5.699999809265137,5.389999866485596,5.480000019073486,5.480000019073486,94400,5.597999954223633,5.51899995803833,5.52299997806549,5.565399980545044,5.7917999839782714,5.665999989509583,47.33798614210309,-0.013225351258938645,-0.028646756767443333,0.015421405508504689,5.805354427045389,5.52299997806549,5.240645529085592,60.83916897467424,66.4335602628385,KZR
2021-07-14,5.46999979019165,5.550000190734863,5.059999942779541,5.269999980926514,5.269999980926514,187000,5.561999988555908,5.491999959945678,5.504499983787537,5.555599975585937,5.784099984169006,5.669799988269806,41.74108362691717,-0.034452912633295085,-0.029807987940613685,-0.0046449246926814,5.801853377307751,5.504499983787537,5.207146590267323,41.394727926504935,58.29448741189921,KZR
2021-07-15,5.300000190734863,5.329999923706055,5.079999923706055,5.179999828338623,5.179999828338623,135500,5.461999988555908,5.466999959945679,5.4809999704360965,5.54419997215271,5.777899980545044,5.672649986743927,39.581175833439964,-0.05787106647909468,-0.03542060364830989,-0.022450462830784793,5.80199226288442,5.4809999704360965,5.160007677987773,25.21645137813601,42.483449426438355,KZR
2021-07-16,5.269999980926514,5.300000190734863,5.139999866485596,5.210000038146973,5.210000038146973,114000,5.35,5.44399995803833,5.458999967575073,5.534799976348877,5.774199981689453,5.675149986743927,40.683010227671886,-0.07316594444788294,-0.042969671808224495,-0.03019627263965844,5.790777054671983,5.458999967575073,5.127222880478163,19.674182258806827,28.761787187815884,KZR
2021-07-19,5.139999866485596,5.579999923706055,5.059999942779541,5.269999980926514,5.269999980926514,209900,5.281999969482422,5.434999942779541,5.447999978065491,5.530199975967407,5.770099983215332,5.67729998588562,42.92483895020165,-0.07952899078918829,-0.050281535604417255,-0.029247455184771037,5.789385446227679,5.447999978065491,5.106614509903303,20.674183954227836,21.85493919705685,KZR
2021-07-20,5.429999828338623,5.5,5.130000114440918,5.389999866485596,5.389999866485596,150000,5.263999938964844,5.4309999465942385,5.450499963760376,5.525999975204468,5.768499979972839,5.680399985313415,47.221170231183294,-0.07403532977792882,-0.05503229443911957,-0.019003035338809246,5.789408577233734,5.450499963760376,5.111591350287019,30.578947874463733,23.64243802916609,KZR
2021-07-21,5.429999828338623,5.429999828338623,5.239999771118164,5.369999885559082,5.369999885559082,83100,5.283999919891357,5.4229999542236325,5.452499961853027,5.528999977111816,5.7673999786376955,5.683399984836578,46.59167510245719,-0.0704829120250352,-0.0581224179563027,-0.012360494068732505,5.78900412067496,5.452499961853027,5.115995803031094,37.77777353922536,29.67696845597227,KZR
2021-07-22,5.329999923706055,5.329999923706055,5.230000019073486,5.28000020980835,5.28000020980835,63000,5.303999996185302,5.382999992370605,5.450999975204468,5.533599977493286,5.758599982261658,5.68394998550415,43.76437196322354,-0.07407591598764096,-0.06131311756257035,-0.01276279842507061,5.790287509411906,5.450999975204468,5.11171244099703,38.22222815619584,35.52631652329494,KZR
2021-07-23,5.340000152587891,5.400000095367432,5.159999847412109,5.360000133514404,5.360000133514404,81000,5.334000015258789,5.3420000076293945,5.445499992370605,5.542199983596801,5.752599983215332,5.684949986934662,46.85172662471195,-0.06966501730386998,-0.06298349751083028,-0.0066815197930397,5.7869367028565915,5.445499992370605,5.104063281884619,36.888906690809556,37.62963612874355,KZR
2021-07-26,5.400000095367432,5.400000095367432,5.119999885559082,5.170000076293945,5.170000076293945,73400,5.314000034332276,5.298000001907349,5.41399998664856,5.542599983215332,5.745799984931946,5.6847999882698055,41.08293004813168,-0.08057198139196231,-0.06650119428705668,-0.014070787104905627,5.734399718934832,5.41399998664856,5.093600254362287,28.000026279025704,34.37038704201033,KZR
2021-07-27,5.130000114440918,5.329999923706055,4.949999809265137,5.139999866485596,5.139999866485596,97800,5.264000034332275,5.263999986648559,5.3914999723434445,5.540599985122681,5.741199984550476,5.683899986743927,40.24041566065577,-0.09059230353809156,-0.07131941613726366,-0.0192728874008279,5.722333748372947,5.3914999723434445,5.060666196313942,25.586578793110423,30.158503920981854,KZR
2021-07-28,5.130000114440918,5.190000057220459,5.050000190734863,5.139999866485596,5.139999866485596,106700,5.218000030517578,5.250999975204468,5.371499967575073,5.5337999820709225,5.734299983978271,5.683099985122681,40.24041566065576,-0.09741059235869898,-0.07653765138155072,-0.020872940977148258,5.712221258179866,5.371499967575073,5.0307786769702805,19.617579142481603,24.40139473820587,KZR
2021-07-29,5.179999828338623,5.179999828338623,5.039999961853027,5.059999942779541,5.059999942779541,288600,5.173999977111817,5.23899998664856,5.352999973297119,5.522599983215332,5.72519998550415,5.68144998550415,37.84044049998306,-0.10802422460941585,-0.08283496602712374,-0.02518925858229211,5.718299857044623,5.352999973297119,4.987700089549615,18.992254724152616,21.39880421991484,KZR
2021-07-30,5.090000152587891,5.090000152587891,4.840000152587891,4.869999885559082,4.869999885559082,141700,5.075999927520752,5.20499997138977,5.32449996471405,5.512999982833862,5.711499986648559,5.678699984550476,32.83212055647582,-0.1302654028791661,-0.09232105339753222,-0.03794434948163389,5.7432349849111315,5.32449996471405,4.905764944516969,12.790693376260306,17.133509080964803,KZR
2021-08-02,4.920000076293945,5.039999961853027,4.809999942779541,4.869999885559082,4.869999885559082,100700,5.015999889373779,5.164999961853027,5.299999952316284,5.490799980163574,5.695699987411499,5.676049983501434,32.83212055647582,-0.1462063214337661,-0.10309810700477899,-0.043108214428987116,5.762601321426764,5.299999952316284,4.837398583205804,8.023751401116789,13.2688998338432,KZR
2021-08-03,4.909999847412109,5.039999961853027,4.610000133514404,4.849999904632568,4.849999904632568,240400,4.957999897003174,5.110999965667725,5.270999956130981,5.4655999755859375,5.678599987030029,5.673849983215332,32.31006238899156,-0.15862491625633712,-0.11420346885509061,-0.04442144740124651,5.7687509406782835,5.270999956130981,4.773248971583679,12.007597595534222,10.940680790970402,KZR
2021-08-04,4.800000190734863,5.679999828338623,4.710000038146973,5.349999904632568,5.349999904632568,769200,4.999999904632569,5.108999967575073,5.265999960899353,5.460599975585938,5.664099984169006,5.67244998216629,52.60139687384323,-0.12666085332523114,-0.11669494574911872,-0.009965907576112418,5.758438842078317,5.265999960899353,4.7735610797203885,33.897775729857074,17.97637490883599,KZR
2021-08-05,5.420000076293945,6.119999885559082,5.150000095367432,5.78000020980835,5.78000020980835,536000,5.14399995803833,5.158999967575073,5.2709999799728395,5.467799978256226,5.658199987411499,5.67289998292923,62.90121628879209,-0.06587233690278982,-0.10653042397985293,0.040658087077063115,5.781838627748807,5.2709999799728395,4.760161332196872,57.12819604007651,34.34452312182256,KZR
2021-08-06,5.78000020980835,6.119999885559082,5.489999771118164,5.849999904632568,5.849999904632568,369600,5.339999961853027,5.20799994468689,5.274999976158142,5.471199979782105,5.653699984550476,5.673099982738495,64.26265597615597,-0.011911303230821346,-0.08760659983004662,0.07569529659922528,5.802389876084656,5.274999976158142,4.747610076231628,76.25384731611682,55.75993969535009,KZR
2021-08-09,5.800000190734863,6.139999866485596,5.539999961853027,5.900000095367432,5.900000095367432,248000,5.546000003814697,5.280999946594238,5.289499974250793,5.471999979019165,5.64979998588562,5.6741499829292295,65.24379661124871,0.03449022045376715,-0.06318723577328386,0.09767745622705101,5.866543400244319,5.289499974250793,4.712456548257268,81.30546760724049,71.5625036544779,KZR
2021-08-10,5.849999904632568,6.059999942779541,5.670000076293945,5.909999847412109,5.909999847412109,193100,5.757999992370605,5.35799994468689,5.310999965667724,5.475799980163575,5.6480999851226805,5.675599982738495,65.44810355775532,0.07124934064948718,-0.03629992048872965,0.10754926113821683,5.94414772256321,5.310999965667724,4.677852208772238,83.80008590941206,80.45313361092308,KZR
2021-08-11,5.949999809265137,5.949999809265137,5.699999809265137,5.849999904632568,5.849999904632568,87700,5.857999992370606,5.428999948501587,5.339999961853027,5.473999977111816,5.642599983215332,5.675999982357025,63.053113962672136,0.09445094262498,-0.010149747865987723,0.10460069049096772,6.014744409801922,5.339999961853027,4.665255513904133,83.44226830748552,82.8492739413793,KZR
2021-08-12,5.809999942779541,6.0,5.769999980926514,5.849999904632568,5.849999904632568,107100,5.871999931335449,5.5079999446868895,5.373499965667724,5.475399971008301,5.634399981498718,5.677099981307983,63.053113962672136,0.11155247189210371,0.014190696085630564,0.09736177580647315,6.078972182553431,5.373499965667724,4.668027748782017,82.3529393431864,83.1984311866946,KZR
2021-08-13,5.880000114440918,6.269999980926514,5.840000152587891,5.869999885559082,5.869999885559082,193600,5.875999927520752,5.60799994468689,5.40649995803833,5.478999967575073,5.625799980163574,5.677749981880188,63.56849892397681,0.12527529276627192,0.03640761542175884,0.08886767734451308,6.139501349334659,5.40649995803833,4.673498566742,79.33170271208098,81.70897012091757,KZR
2021-08-16,5.840000152587891,5.940000057220459,5.320000171661377,5.659999847412109,5.659999847412109,213700,5.827999877929687,5.686999940872193,5.42599995136261,5.480799961090088,5.6162999773025515,5.678049981594086,54.90763673575324,0.11784701214295623,0.052695494765998316,0.06515151737695792,6.164170684131085,5.42599995136261,4.6878292185941355,73.40078598146864,78.3618093455786,KZR
2021-08-17,5.570000171661377,6.019999980926514,5.449999809265137,5.650000095367432,5.650000095367432,337000,5.775999927520752,5.766999959945679,5.438999962806702,5.480199966430664,5.60719997882843,5.67954998254776,54.526673805210336,0.10988644725054897,0.06413368526290844,0.04575276198764053,6.183309066073869,5.438999962806702,4.694690859539534,67.26907099856997,73.33385323070648,KZR
2021-08-18,5.619999885559082,6.119999885559082,5.539999961853027,5.769999980926514,5.769999980926514,134600,5.759999942779541,5.808999967575073,5.458999967575073,5.482799968719482,5.603199977874755,5.682799983024597,58.26855246573509,0.11196991067288575,0.07370093034490391,0.038268980327981844,6.216202741414735,5.458999967575073,4.701797193735411,65.2610406004856,68.64363252684136,KZR
2021-08-19,5.699999809265137,5.869999885559082,5.360000133514404,5.539999961853027,5.539999961853027,179800,5.697999954223633,5.784999942779541,5.471999955177307,5.47919997215271,5.6025999784469604,5.68619998216629,49.80858145606483,0.09397866356289519,0.07775647698850216,0.016222186574393033,6.225381703800346,5.471999955177307,4.718618206554269,62.851404122784345,65.12717190727993,KZR
2021-08-20,5.489999771118164,5.630000114440918,5.329999923706055,5.449999809265137,5.449999809265137,252300,5.613999938964843,5.744999933242798,5.476499938964844,5.474799966812133,5.5977999782562256,5.687999980449677,46.936819981826964,0.07163247586500443,0.07653167676380261,-0.004899200898798181,6.228225333650617,5.476499938964844,4.724774544279072,58.83533375157137,62.315926158280384,KZR
2021-08-23,5.409999847412109,6.300000190734863,5.409999847412109,6.170000076293945,6.170000076293945,198100,5.715999984741211,5.771999931335449,5.526499938964844,5.485399971008301,5.599899978637695,5.691499981880188,64.54720270247645,0.110744373176761,0.08337421604639429,0.02737015713036671,6.3217930446479835,5.526499938964844,4.731206833281704,66.15012630309265,62.6122880591494,KZR
2021-08-24,6.130000114440918,6.150000095367432,5.880000114440918,6.010000228881836,6.010000228881836,144500,5.788000011444092,5.781999969482422,5.569999957084656,5.4899999713897705,5.600199980735779,5.694199984073639,59.79786760672653,0.12736203283626768,0.09217177940436896,0.035190253431898716,6.371124268603225,5.569999957084656,4.768875645566087,72.4029672730125,65.79614244255879,KZR
2021-08-25,6.039999961853027,6.570000171661377,6.039999961853027,6.440000057220459,6.440000057220459,195200,5.9220000267028805,5.840999984741211,5.634999966621399,5.5059999752044675,5.60099997997284,5.700899984836578,66.85605230843707,0.17323212818812195,0.10838384916111957,0.06484827902700238,6.494825633144128,5.634999966621399,4.775174300098669,85.40216596896835,74.65175318169112,KZR
2021-08-26,6.429999828338623,6.920000076293945,6.409999847412109,6.659999847412109,6.659999847412109,159400,6.146000003814697,5.921999979019165,5.714999961853027,5.5261999702453615,5.60299997806549,5.707249984741211,69.77943196572883,0.22474592258804638,0.13165626384650492,0.09308965874154146,6.641120972036677,5.714999961853027,4.7888789516693775,82.71086322501614,80.17199882233227,KZR
2021-08-27,6.659999847412109,7.25,6.659999847412109,6.940000057220459,6.940000057220459,194100,6.4440000534057615,6.028999996185303,5.818499970436096,5.551999969482422,5.6101999807357785,5.714299983978272,73.03885072070977,0.28488072499334827,0.1623011560758736,0.12257956891747468,6.804487363529679,5.818499970436096,4.832512577342513,85.7626003137979,84.62520983592742,KZR
2021-08-30,7.0,7.559999942779541,6.949999809265137,7.429999828338623,7.429999828338623,270800,6.696000003814698,6.2059999942779545,5.946499967575074,5.590799970626831,5.622699980735779,5.72329998254776,77.59331542939717,0.36783668326341434,0.20340826151338173,0.1644284217500326,7.062784437802428,5.946499967575074,4.830215497347719,87.29474432204006,85.25606928695133,KZR
2021-08-31,7.449999809265137,7.880000114440918,7.440000057220459,7.619999885559082,7.619999885559082,211500,7.017999935150146,6.402999973297119,6.084999966621399,5.636399965286255,5.638499979972839,5.733899981975555,79.06975536128645,0.4437954963499884,0.25148570848070306,0.19230978786928532,7.305254012719742,6.084999966621399,4.864745920523055,89.32599635736817,87.46111366440199,KZR
2021-09-01,7.590000152587891,8.149999618530273,7.320000171661377,7.960000038146973,7.960000038146973,143200,7.32199993133545,6.621999979019165,6.215499973297119,5.688999967575073,5.6600999784469606,5.746049981117249,81.42808704298704,0.5253724077057393,0.30626304832571033,0.219109359380029,7.635351713962108,6.215499973297119,4.7956482326321295,92.4421320994133,89.68762425960712,KZR
2021-09-02,7.96999979019165,8.529999732971191,7.860000133514404,8.1899995803833,8.1899995803833,127600,7.627999877929687,6.886999940872192,6.335999941825866,5.746599960327148,5.684399971961975,5.758599979877472,82.83691654673123,0.6016463341291747,0.3653397054864032,0.23630662864277147,7.979075024311338,6.335999941825866,4.692924859340395,90.84602230540513,90.87138358739548,KZR
2021-09-03,8.149999618530273,8.550000190734863,8.09000015258789,8.4399995803833,8.4399995803833,256100,7.927999782562256,7.185999917984009,6.465499925613403,5.805999956130981,5.707099967002868,5.7723499774932865,84.23665797803287,0.6744917598554663,0.42717011636021585,0.24732164349525043,8.328491721639443,6.465499925613403,4.602508129587363,93.09271944795945,92.1269579509259,KZR
2021-09-07,8.539999961853027,8.539999961853027,7.579999923706055,7.860000133514404,7.860000133514404,672500,8.013999843597412,7.354999923706055,6.563499927520752,5.847199954986572,5.726199970245362,5.783949978351593,69.97779184737809,0.6776101089237825,0.4772581148729292,0.2003519940508533,8.50187310751744,6.563499927520752,4.625126747524064,88.18778477293785,90.70884217543409,KZR
2021-09-08,7.789999961853027,8.670000076293945,7.550000190734863,7.800000190734863,7.800000190734863,1615300,8.049999904632568,7.533999919891357,6.65799994468689,5.891399955749511,5.746799974441529,5.794549980163574,68.68258703675744,0.6675448871581544,0.5153154693299742,0.15222941782818022,8.643432814667182,6.65799994468689,4.672567074706597,83.03578708538042,88.10543043542584,KZR
2021-09-09,7.860000133514404,8.199999809265137,7.789999961853027,7.889999866485596,7.889999866485596,447100,8.035999870300293,7.678999900817871,6.759999942779541,5.938399953842163,5.7694999742507935,5.805599980354309,69.59175548456508,0.6592311418215164,0.5440986038282827,0.11513253799323375,8.778246615332577,6.759999942779541,4.741753270226505,76.39007678940656,82.53788288257489,KZR
2021-09-10,7.960000038146973,8.289999961853027,7.519999980926514,7.570000171661377,7.570000171661377,505500,7.911999988555908,7.769999933242798,6.8459999561309814,5.981199960708619,5.791199975013733,5.813449981212616,62.629777468227346,0.6196778768929141,0.559214458441209,0.06046341845170511,8.848332516510965,6.8459999561309814,4.843667395750998,72.285491934283,77.23711860302329,KZR
2021-09-13,7.079999923706055,7.889999866485596,7.050000190734863,7.639999866485596,7.639999866485596,229600,7.752000045776367,7.8399999141693115,6.934499955177307,6.025199956893921,5.809799971580506,5.822799980640411,63.490207356708964,0.5872110167565632,0.5648137701042798,0.022397246652283376,8.912776636283985,6.934499955177307,4.956223274070629,68.66226820976706,72.44594564448549,KZR
2021-09-14,7.599999904632568,9.25,7.329999923706055,8.970000267028809,8.970000267028809,648200,7.974000072479248,7.99399995803833,7.099999976158142,6.097399959564209,5.842999973297119,5.839449982643128,75.18228892840685,0.6611790526844468,0.5840868266203132,0.07709222606413357,9.175523957759562,7.099999976158142,5.024475994556723,73.53912341551946,71.49562785318979,KZR
2021-09-15,8.829999923706055,9.40999984741211,8.369999885559082,9.09000015258789,9.09000015258789,444600,8.232000064849853,8.14099998474121,7.271999979019165,6.170599966049195,5.8769999742507935,5.855199983119965,75.93123411895498,0.721169054009474,0.6115032720981454,0.10966578191132859,9.407646018007206,7.271999979019165,5.136353940031125,81.23101324878662,74.47746829135765,KZR
2021-09-16,9.020000457763672,9.229999542236328,8.510000228881836,8.859999656677246,8.859999656677246,248600,8.426000022888184,8.230999946594238,7.426499962806702,6.238799962997437,5.908099970817566,5.8665999817848205,71.47879337218124,0.7416036986329679,0.6375233574051099,0.10408034122785803,9.552211801292408,7.426499962806702,5.300788124320995,86.87020118644608,80.546779283584,KZR
2021-09-17,8.789999961853027,9.789999961853027,8.329999923706055,9.729999542236328,9.729999542236328,776900,8.857999897003173,8.38499994277954,7.635999941825867,6.31979995727539,5.948199968338013,5.882499978542328,76.977957151979,0.818564123910984,0.6737315107062847,0.1448326132046993,9.802226030489972,7.635999941825867,5.469773853161763,89.07354861732783,85.72492101752012,KZR
2021-09-20,9.600000381469727,9.65999984741211,8.4399995803833,8.640000343322754,8.640000343322754,350600,9.057999992370606,8.405000019073487,7.795499968528747,6.3771999645233155,5.975999970436096,5.8932499814033505,61.08644345443598,0.7825808842706135,0.6955013854191504,0.08707949885146304,9.754238970658996,7.795499968528747,5.836760966398498,78.63883661423365,84.8608621393358,KZR
2021-09-21,8.600000381469727,9.25,8.5600004196167,9.050000190734863,9.050000190734863,272700,9.073999977111816,8.524000024795532,7.9394999742507935,6.445999965667725,6.00919997215271,5.9059999823570255,64.08949379128758,0.7781771272602276,0.7120365337873659,0.06614059347286172,9.820993703564392,7.9394999742507935,6.058006244937194,76.30307453525955,81.33848658894028,KZR
2021-09-22,9.140000343322754,9.40999984741211,8.869999885559082,9.289999961853027,9.289999961853027,296900,9.113999938964843,8.673000001907349,8.103499960899352,6.522199964523315,6.043799972534179,5.920499982833863,65.75545506461413,0.7850040557628262,0.726630038182458,0.0583740175803682,9.850672207928957,8.103499960899352,6.356327713869747,70.92457920567517,75.2888301183894,KZR
2021-09-23,9.329999923706055,9.649999618530273,9.229999542236328,9.350000381469727,9.350000381469727,201300,9.21200008392334,8.819000053405762,8.248999977111817,6.60379997253418,6.079699974060059,5.936999983787537,66.1779019016881,0.7861932320147655,0.7385426769489195,0.047650555065846034,9.899828894870291,8.248999977111817,6.5981710593533425,79.56204997764327,75.5965679061926,KZR
2021-09-24,9.180000305175781,9.390000343322754,8.65999984741211,8.920000076293945,8.920000076293945,339500,9.050000190734863,8.95400004386902,8.361999988555908,6.6785999774932865,6.111399974822998,5.9525999832153325,60.42488493276065,0.7438634371324362,0.7396068289856228,0.00425660814681339,9.865071526955022,8.361999988555908,6.858928450156794,77.98053993749382,76.15572304027069,KZR
2021-09-27,8.8100004196167,9.359999656677246,8.720000267028809,8.970000267028809,8.970000267028809,452900,9.116000175476074,9.08700008392334,8.463499999046325,6.753799982070923,6.1442999792099,5.969649984836578,60.8510621459331,0.7062106109199178,0.7329275853724818,-0.026716974452564046,9.837374501251064,8.463499999046325,7.089625496841587,74.08759928597411,77.210063067037,KZR
2021-09-28,8.899999618530273,9.020000457763672,8.710000038146973,8.869999885559082,8.869999885559082,196000,9.080000114440917,9.077000045776368,8.535500001907348,6.825799980163574,6.177999978065491,5.986149983406067,59.47165415937127,0.6606853108251176,0.7184791304630089,-0.05779381963789132,9.834044978847608,8.535500001907348,7.236955024967087,68.24817670681624,73.43877197676132,KZR
2021-09-29,8.960000038146973,8.960000038146973,8.3100004196167,8.489999771118164,8.489999771118164,138500,8.920000076293945,9.017000007629395,8.578999996185303,6.887799978256226,6.206899976730346,6.00079998254776,54.4230193268227,0.5871747638914524,0.6922182571486977,-0.10504349325724527,9.808404738620293,8.578999996185303,7.349595253750312,63.017029004927885,68.45093499923935,KZR
2021-09-30,8.630000114440918,8.75,8.329999923706055,8.640000343322754,8.640000343322754,421100,8.77800006866455,8.995000076293945,8.613000011444091,6.953199987411499,6.241099982261658,6.016349983215332,56.010494326320604,0.5348554378498722,0.6607456932889326,-0.1258902554390604,9.809212381983366,8.613000011444091,7.4167876409048175,59.002431057578605,63.42254558977418,KZR
2021-10-01,8.59000015258789,8.729999542236328,8.449999809265137,8.630000114440918,8.630000114440918,136500,8.720000076293946,8.885000133514405,8.635000038146973,7.02019998550415,6.276899981498718,6.031099984645843,55.870777803570135,0.4869715551674627,0.6259908656646387,-0.13901931049717597,9.815364371095166,8.635000038146973,7.454635705198781,54.476492162330715,58.83198407494567,KZR
2021-10-04,8.510000228881836,8.680000305175781,8.289999961853027,8.4399995803833,8.4399995803833,250200,8.613999938964843,8.86500005722046,8.635000038146973,7.0817999744415285,6.311999979019165,6.045449981689453,53.157629498564674,0.4287494215151959,0.5865425768347501,-0.15779315531955418,9.815364371095166,8.635000038146973,7.454635705198781,40.29157248484198,51.2568319015837,KZR
2021-10-05,8.460000038146973,8.710000038146973,8.109999656677246,8.6899995803833,8.6899995803833,143800,8.577999877929688,8.828999996185303,8.676500010490418,7.152199964523316,6.347399973869324,6.060599980354309,56.17338816102478,0.3981907763857553,0.5488722167449511,-0.15068144035919584,9.802044761787018,8.676500010490418,7.5509552591938185,32.456436223042196,42.408166956738235,KZR
2021-10-06,8.5,8.670000076293945,8.40999984741211,8.529999732971191,8.529999732971191,134900,8.585999870300293,8.752999973297118,8.712999987602235,7.219999961853027,6.380299973487854,6.075999979972839,53.78669377439616,0.35694751073424946,0.5104872755428108,-0.15353976480856135,9.767591886542778,8.712999987602235,7.658408088661691,23.17459109328757,31.974199933723856,KZR
2021-10-07,8.579999923706055,8.739999771118164,8.4399995803833,8.670000076293945,8.670000076293945,83300,8.591999816894532,8.684999942779541,8.751999998092652,7.290599966049195,6.412199974060059,6.093099980354309,55.56570505171058,0.3317347515203899,0.47473677073832665,-0.14300201921793676,9.737385216492541,8.751999998092652,7.766614779692762,31.88428453181187,29.171770616047155,KZR
2021-10-08,8.729999542236328,8.729999542236328,8.3100004196167,8.3100004196167,8.3100004196167,70900,8.527999877929688,8.623999977111817,8.789000010490417,7.355599975585937,6.439099979400635,6.107149982452393,50.21286427165072,0.2794827909025681,0.43568597477117493,-0.15620318386860682,9.640560949301713,8.789000010490417,7.937439071679121,24.705372578164482,26.58808273442125,KZR
2021-10-11,8.25,8.65999984741211,8.25,8.489999771118164,8.489999771118164,46900,8.53799991607666,8.575999927520751,8.831500005722045,7.427999973297119,6.470499978065491,6.121999981403351,52.66805580201618,0.24971857867615732,0.3984924955521714,-0.1487739168760141,9.518355883308253,8.831500005722045,8.144644128135837,24.59715015075778,27.062269086911318,KZR
2021-10-12,8.390000343322754,8.649999618530273,8.359999656677246,8.5600004196167,8.5600004196167,88700,8.51200008392334,8.544999980926514,8.81100001335144,7.501799983978271,6.496299982070923,6.136949982643127,53.625823643783434,0.22913734073026504,0.36462146458779016,-0.13548412385752512,9.504538720562909,8.81100001335144,8.117461306139973,22.294408351379968,23.86564369343402,KZR
2021-10-13,8.600000381469727,8.899999618530273,8.600000381469727,8.760000228881836,8.760000228881836,67900,8.558000183105468,8.57200002670288,8.794500017166138,7.579999990463257,6.522799983024597,6.1532499837875365,56.34390819786377,0.22635558819859014,0.33696828930995015,-0.11061270111136001,9.476305648536579,8.794500017166138,8.112694385795697,34.89247655539781,27.261345019178464,KZR
2021-10-14,8.859999656677246,8.979999542236328,8.649999618530273,8.770000457763672,8.770000457763672,102800,8.578000259399413,8.585000038146973,8.790000057220459,7.648400001525879,6.554499988555908,6.171399986743927,56.48125802834468,0.22239434064783836,0.3140534995775278,-0.09165915892968945,9.471204817580665,8.790000057220459,8.108795296860253,44.267387011775874,33.81809063951783,KZR
2021-10-15,8.899999618530273,8.899999618530273,8.600000381469727,8.739999771118164,8.739999771118164,82500,8.664000129699707,8.596000003814698,8.74050006866455,7.707599992752075,6.58769998550415,6.188399984836578,55.91292690619268,0.21436317351073875,0.29411543436417,-0.07975226085343123,9.267775261922617,8.74050006866455,8.213224875406484,57.60401747035754,45.587960345843676,KZR
2021-10-18,8.699999809265137,8.75,8.109999656677246,8.3100004196167,8.3100004196167,96600,8.628000259399414,8.583000087738037,8.724000072479248,7.756800003051758,6.613999991416931,6.203849987983704,48.39618715286207,0.17132612080764353,0.2695575716528647,-0.09823145084522117,9.282548262464829,8.724000072479248,8.165451882493667,48.33979380468323,50.07039942893882,KZR
2021-10-19,8.350000381469727,8.90999984741211,8.119999885559082,8.800000190734863,8.800000190734863,129900,8.676000213623047,8.594000148773194,8.711500072479248,7.814800004959107,6.643399991989136,6.221449987888336,55.70410314493135,0.17474349862737704,0.2505947570477672,-0.07585125842039014,9.25117689124267,8.711500072479248,8.171823253715827,57.176577991082986,54.37346308870786,KZR
2021-10-20,8.859999656677246,8.989999771118164,8.65999984741211,8.710000038146973,8.710000038146973,76800,8.666000175476075,8.61200017929077,8.682500076293945,7.870800008773804,6.673299994468689,6.23879998922348,54.18623929645694,0.1682500531386495,0.23412581626594364,-0.06587576312729415,9.152558684570801,8.682500076293945,8.212441468017088,56.82695525840642,54.114442351390814,KZR
2021-10-21,8.739999771118164,8.920000076293945,8.539999961853027,8.670000076293945,8.670000076293945,87700,8.646000099182128,8.61200017929077,8.648500061035156,7.927200012207031,6.700599994659424,6.255499989986419,53.488636563151815,0.15805433617614284,0.2189115202479835,-0.06085718407184065,9.005222655753768,8.648500061035156,8.291777466316544,70.3762241181138,61.45991912253434,KZR
2021-10-22,8.59000015258789,8.869999885559082,8.020000457763672,8.59000015258789,8.59000015258789,1117700,8.616000175476074,8.640000152587891,8.632000064849853,7.982000017166138,6.728699994087219,6.271299991607666,52.04546896951252,0.14188328952895368,0.20350587410417753,-0.06162258457522385,8.966819428517592,8.632000064849853,8.297180701182114,63.52705081398013,63.57674339683339,KZR
2021-10-25,8.760000228881836,9.0,8.399999618530273,8.850000381469727,8.850000381469727,446500,8.724000167846679,8.676000213623047,8.6260000705719,8.04160002708435,6.760299997329712,6.288299994468689,56.183221608860855,0.14833752150216917,0.19247220358377587,-0.0441346820816067,8.94003192697528,8.6260000705719,8.31196821416852,69.03106970167998,67.64478154459124,KZR
2021-10-26,8.800000190734863,8.850000381469727,8.390000343322754,8.420000076293945,8.420000076293945,130400,8.648000144958496,8.662000179290771,8.603500080108642,8.096800031661987,6.788799996376038,6.302399995326996,48.699179278474475,0.11740178122212264,0.1774581191114452,-0.060056337889322575,8.908739373350246,8.603500080108642,8.298260786867038,61.42437091043828,64.66083047536607,KZR
2021-10-27,8.489999771118164,8.489999771118164,7.489999771118164,7.949999809265137,7.949999809265137,203400,8.49600009918213,8.581000137329102,8.576500082015992,8.142800025939941,6.811499996185303,6.314399993419647,42.09821604846844,0.05433356703776937,0.15283320869671005,-0.09849964165894068,8.992542247332027,8.576500082015992,8.160457916699956,51.99126335508131,60.815567989066466,KZR
2021-10-28,7.96999979019165,8.050000190734863,7.880000114440918,7.940000057220459,7.940000057220459,29300,8.350000095367431,8.49800009727478,8.541500067710876,8.186200027465821,6.834499998092651,6.326899993419647,41.96787582248873,0.00350426155030803,0.12296741926742964,-0.11946315771712161,9.03990861397713,8.541500067710876,8.043091521444623,33.69373989052638,49.03645805201526,KZR
2021-10-29,7.929999828338623,8.079999923706055,7.820000171661377,8.0,8.0,551200,8.232000064849853,8.424000120162964,8.51000006198883,8.23540002822876,6.857300000190735,6.338399994373321,43.10609733803671,-0.03157288277284387,0.09205935885937494,-0.12363224163221881,9.059108512626054,8.51000006198883,7.960891611351607,31.346585825412475,39.01052969033999,KZR
2021-11-01,8.09000015258789,8.449999809265137,7.809999942779541,8.039999961853027,8.039999961853027,363600,8.069999980926514,8.397000074386597,8.490000081062316,8.287200031280518,6.880999999046326,6.3510999941825865,43.89612913996586,-0.05550429082381392,0.06254662892273717,-0.11805091974655109,9.07576462330901,8.490000081062316,7.904235538815623,33.33334385953844,32.79122319182571,KZR
2021-11-02,8.039999961853027,8.039999961853027,7.670000076293945,7.900000095367432,7.900000095367432,347300,7.965999984741211,8.307000064849854,8.450500106811523,8.321800031661986,6.903600001335144,6.363499994277954,41.71288738370466,-0.08478952248283989,0.033079398641621766,-0.11786892112446165,9.081767992711404,8.450500106811523,7.819232220911643,32.450342627972454,32.37675743764106,KZR
2021-11-03,7.909999847412109,8.489999771118164,7.860000133514404,8.470000267028809,8.470000267028809,124400,8.070000076293946,8.283000087738037,8.447500133514405,8.371000032424927,6.930500001907348,6.37889999628067,52.14820921928951,-0.06129743077281802,0.014204032758733807,-0.07550146353155182,9.077797807274305,8.447500133514405,7.817202459754504,42.82562288818024,36.203103125230314,KZR
2021-11-04,8.40999984741211,8.649999618530273,8.380000114440918,8.5,8.5,408400,8.182000064849854,8.266000080108643,8.439000129699707,8.412200031280518,6.959100003242493,6.394699995517731,52.62890884067048,-0.03980025850347069,0.0034031745062929088,-0.04320343300976359,9.061604465997306,8.439000129699707,7.816395793402108,52.98014757739404,42.75203769784884,KZR
2021-11-05,8.59000015258789,8.75,8.319999694824219,8.539999961853027,8.539999961853027,386900,8.290000057220459,8.261000061035157,8.450500106811523,8.449800033569336,6.9880000019073485,6.4092999958992,53.30249955433217,-0.019313300269940825,-0.0011401204489538382,-0.018173179820986988,9.071643544240438,8.450500106811523,7.829356669382608,67.10817780865477,54.304649424742955,KZR
2021-11-08,8.609999656677246,8.6899995803833,8.100000381469727,8.109999656677246,8.109999656677246,195100,8.303999996185302,8.186999988555907,8.431500101089478,8.473200025558471,7.0125999975204465,6.421199994087219,45.768236911605875,-0.037344188673419154,-0.008380934093846902,-0.028963254579572252,9.069662490770536,8.431500101089478,7.7933377114084195,59.16114567215095,59.74982368606652,KZR
2021-11-09,8.119999885559082,8.119999885559082,7.679999828338623,7.760000228881836,7.760000228881836,259400,8.276000022888184,8.121000003814697,8.391500091552734,8.479800033569337,7.035300002098084,6.432499995231629,40.72264199384472,-0.07896556056668125,-0.02249785938841377,-0.05646770117826748,9.089877626883283,8.391500091552734,7.693122556222185,42.82561236197527,56.36497861426026,KZR
2021-11-10,7.570000171661377,7.75,7.440000057220459,7.440000057220459,7.440000057220459,294600,8.069999980926514,8.07000002861023,8.325500082969665,8.476200037002563,7.056300001144409,6.442949995994568,36.735168623157605,-0.13620208431283132,-0.04523870437329728,-0.09096337993953404,9.115575503513245,8.325500082969665,7.535424662426085,19.646803717855732,40.544520583993915,KZR
2021-11-11,7.480000019073486,8.270000457763672,7.340000152587891,7.739999771118164,7.739999771118164,420300,7.917999935150147,8.05,8.27400004863739,8.471800031661987,7.08039999961853,6.454549994468689,42.426809135878166,-0.1555617529846387,-0.06730331409556556,-0.08825843888907314,9.07565843124149,8.27400004863739,7.472341666033292,13.992395694715514,25.488270591515434,KZR
2021-11-12,7.800000190734863,8.260000228881836,7.639999866485596,8.1899995803833,8.1899995803833,447800,7.847999858856201,8.06899995803833,8.246500039100647,8.471800031661987,7.109199995994568,6.468949992656707,49.73216623498873,-0.13305938037319898,-0.08045452735109224,-0.05260485302210674,9.019553224699296,8.246500039100647,7.473446853501999,26.79590302621729,20.145034146262777,KZR
2021-11-15,8.289999961853027,8.890000343322754,7.949999809265137,8.40999984741211,8.40999984741211,4990500,7.907999897003174,8.105999946594238,8.251500010490417,8.471200037002564,7.138599996566772,6.48404999256134,52.88006932868407,-0.09636309129500731,-0.08363624013987525,-0.012726851155132057,9.027419598274571,8.251500010490417,7.475580422706264,49.806646319888024,30.198315013606873,KZR
2021-11-16,11.979999542236328,12.460000038146973,10.569999694824219,11.59000015258789,11.59000015258789,33005900,8.673999881744384,8.474999952316285,8.391000008583068,8.545800037384033,7.1964999961853025,6.515399992465973,76.13950762740802,0.1871609554474567,-0.029476801022408856,0.21663775646986555,10.032083906208983,8.391000008583068,6.7499161109571535,69.44379617934025,48.68211517514845,KZR
2021-11-17,11.149999618530273,14.270000457763672,11.100000381469727,12.800000190734863,12.800000190734863,10506500,9.745999908447265,8.907999944686889,8.595500016212464,8.645800037384033,7.268599996566772,6.553049993515015,80.1538449675477,0.5036865112893452,0.07715586143994196,0.4265306498494032,11.124013347012983,8.595500016212464,6.066986685411945,76.94264003504915,65.39769417809241,KZR
2021-11-18,12.84000015258789,14.350000381469727,12.59000015258789,13.270000457763672,13.270000457763672,4143000,10.852000045776368,9.384999990463257,8.82550003528595,8.753400049209596,7.345900001525879,6.592599995136261,81.45872746361349,0.7834295007143268,0.21841058929481896,0.5650189114195079,12.07370884211515,8.82550003528595,5.577291228456749,82.12970992044053,76.17204871160992,KZR
2021-11-19,12.84000015258789,14.130000114440918,12.100000381469727,13.970000267028809,13.970000267028809,6316100,12.00800018310547,9.928000020980836,9.094500041007995,8.881400051116943,7.431300005912781,6.635949995517731,83.22751967533432,1.0495138276329499,0.38463123696244517,0.6648825906705047,13.037024730642706,9.094500041007995,5.151975351373284,85.98682885365496,81.68639293638148,KZR
2021-11-22,13.529999732971191,14.699999809265137,13.079999923706055,14.390000343322754,14.390000343322754,2066200,13.204000282287598,10.556000089645385,9.371500039100647,9.016400060653687,7.520800008773803,6.6791999983787536,84.20137132104513,1.279528462186569,0.5636106820072699,0.7159177801792991,13.935828424117014,9.371500039100647,4.80717165408428,91.65355374340082,86.59003083916537,KZR
2021-11-23,14.25,14.479999542236328,13.039999961853027,13.170000076293945,13.170000076293945,1411500,13.52000026702881,11.097000074386596,9.609000039100646,9.10040005683899,7.598900008201599,6.714349999427795,71.25858085896532,1.3478358786443803,0.720455721334692,0.6273801573096882,14.43726252957623,9.609000039100646,4.780737548625062,89.85972695772064,89.1667031849254,KZR
2021-11-24,13.239999771118164,13.600000381469727,12.920000076293945,13.239999771118164,13.239999771118164,1081700,13.608000183105469,11.677000045776367,9.873500037193299,9.183400049209595,7.6770000076293945,6.745599999427795,71.52899688656876,1.3915771534774262,0.8546800077632388,0.5368971457141873,14.885351305859672,9.873500037193299,4.861648768526927,85.0543505842574,88.85587709512622,KZR
2021-11-26,12.989999771118164,13.770000457763672,12.989999771118164,13.6899995803833,13.6899995803833,901500,13.692000007629394,12.27200002670288,10.16100001335144,9.280000047683716,7.759400005340576,6.783749997615814,73.27009220479428,1.4458863746301365,0.9729212811366184,0.4729650934935181,15.35267387754899,10.16100001335144,4.969326149153892,81.88405712595818,85.59937822264533,KZR
2021-11-29,13.880000114440918,13.880000114440918,13.170000076293945,13.210000038146973,13.210000038146973,695800,13.539999961853027,12.774000072479248,10.42150001525879,9.34960005760193,7.834700007438659,6.819649996757508,68.46086455794496,1.4336684348462558,1.0650707118785459,0.36859772296771,15.67576804486259,10.42150001525879,5.167231985654991,82.0652163819315,83.00120803071563,KZR
2021-11-30,13.210000038146973,13.989999771118164,12.949999809265137,13.859999656677246,13.859999656677246,1952500,13.433999824523926,13.319000053405762,10.7125,9.45400004386902,7.915600004196167,6.857349994182587,71.21607961814354,1.4596096945012285,1.1439785084030825,0.315631186098146,16.050941347282155,10.7125,5.374058652717847,84.87318700910673,82.94082017233207,KZR
2021-12-01,13.869999885559082,15.640000343322754,13.579999923706055,14.109999656677246,14.109999656677246,2270400,13.621999740600586,13.571000003814698,11.02299997806549,9.555200033187866,8.000599999427795,6.898099992275238,72.22122839121103,1.483243334464511,1.2118314736153681,0.2714118608491429,16.393277877166234,11.02299997806549,5.652722078964745,83.30288269174251,83.41376202759352,KZR
2021-12-02,14.020000457763672,14.84000015258789,13.420000076293945,14.800000190734863,14.800000190734863,836800,13.933999824523926,13.771000003814697,11.339499974250794,9.665400037765503,8.093800001144409,6.942799992561341,74.8333855342506,1.5398994387541372,1.2774450666431219,0.2624543721110153,16.815701243344076,11.339499974250794,5.863298705157512,86.55106994855396,84.909046549801,KZR
2021-12-03,14.829999923706055,15.369999885559082,13.600000381469727,13.729999542236328,13.729999542236328,971900,13.941999816894532,13.816999912261963,11.60099995136261,9.753000020980835,8.178399996757507,6.981249990463257,64.67667156855109,1.4813832358101813,1.3182327004765337,0.16315053533364754,17.00891979208277,11.60099995136261,6.193080110642448,82.07626533393803,83.97673932474476,KZR
2021-12-06,13.619999885559082,14.020000457763672,13.180000305175781,13.4399995803833,13.4399995803833,375900,13.987999725341798,13.763999843597412,11.845999932289123,9.843400011062622,8.260999994277954,7.019449987411499,62.21215546491259,1.3955214475346445,1.3336904498881559,0.061830997646488584,17.119323057320518,11.845999932289123,6.572676807257729,73.75667478733722,80.79467002327631,KZR
2021-12-07,13.630000114440918,15.520000457763672,13.420000076293945,14.65999984741211,14.65999984741211,1212900,14.14799976348877,13.790999794006348,12.173499941825867,9.957200002670287,8.355499992370605,7.064849987030029,67.77529132905008,1.4096693959987334,1.3488862391102714,0.06078315688846203,17.289268823293508,12.173499941825867,7.057731060358225,70.06137048509841,75.2981035354578,KZR
2021-12-08,14.770000457763672,15.09000015258789,14.430000305175781,14.760000228881836,14.760000228881836,486600,14.277999877929688,13.949999809265137,12.523499941825866,10.075000009536744,8.450399994850159,7.110249989032745,68.188696050332,1.412666600912642,1.3616423114707454,0.05102428944189663,17.332168370023997,12.523499941825866,7.714831513627735,70.05427027339196,71.29077184860911,KZR
2021-12-09,14.770000457763672,14.9399995803833,13.109999656677246,13.869999885559082,13.869999885559082,736300,14.091999816894532,14.01299982070923,12.844999933242798,10.182600011825562,8.535199995040893,7.151849987506867,60.72234863400201,1.327918895313319,1.3548976282392602,-0.026978732925941218,17.07631902765804,12.844999933242798,8.613680838827555,67.85177059299637,69.32247045049552,KZR
2021-12-10,13.8100004196167,14.550000190734863,13.460000038146973,13.550000190734863,13.550000190734863,511500,14.055999946594238,13.998999881744385,13.135499954223633,10.280800008773804,8.616999998092652,7.192199988365173,58.25258667724065,1.2208611002245853,1.3280903226363252,-0.10722922241173993,16.664479972806618,13.135499954223633,9.606519935640648,49.434330868876394,62.44679057842151,KZR
2021-12-13,13.65999984741211,14.229999542236328,13.279999732971191,13.3100004196167,13.3100004196167,484700,14.030000114440918,14.008999919891357,13.391499996185303,10.374400014877319,8.697300000190735,7.227949991226196,56.39978088731043,1.1039256824422239,1.283257394597505,-0.1793317121552811,16.094470802275143,13.391499996185303,10.688529190095462,29.16666655936872,48.81758934041377,KZR
2021-12-14,13.170000076293945,13.3100004196167,12.300000190734863,12.359999656677246,12.359999656677246,1773700,13.570000076293946,13.858999919891357,13.58899998664856,10.452800016403199,8.767299995422363,7.259949989318848,49.66582662218676,0.9239457280769177,1.2113950612933875,-0.2874493332164698,15.138114584500377,13.58899998664856,12.039885388796742,13.098801420631375,30.5665996162921,KZR
2021-12-15,12.489999771118164,12.890000343322754,12.050000190734863,12.800000190734863,12.800000190734863,1100700,13.17800006866455,13.72799997329712,13.649499988555908,10.535000028610229,8.843599996566773,7.2946999907493595,52.49491662038223,0.807506253976765,1.130617299830063,-0.323111045853298,14.957329910460885,13.649499988555908,12.34167006665093,12.342000545673088,18.202489508557665,KZR
2021-12-16,12.9399995803833,14.010000228881836,12.880000114440918,13.829999923706055,13.829999923706055,509500,13.170000076293945,13.630999946594239,13.700999975204468,10.641000032424927,8.930499997138977,7.335849990844727,58.390715524963966,0.7892416161697682,1.062342163098004,-0.27310054692823593,14.950798428615629,13.700999975204468,12.451201521793307,24.089972761587504,16.51025824263059,KZR
2021-12-17,13.619999885559082,14.640000343322754,13.050000190734863,14.609999656677246,14.609999656677246,2312600,13.381999969482422,13.71899995803833,13.767999935150147,10.759800024032593,9.025199995040893,7.379749989509582,62.21511066191155,0.8281597092227315,1.0155056723229496,-0.18734596310021812,15.06111406893519,13.767999935150147,12.474885801365104,47.260900488118445,27.897624598459615,KZR
2021-12-20,14.359999656677246,14.960000038146973,13.970000267028809,14.739999771118164,14.739999771118164,798100,13.667999839782714,13.848999977111816,13.806499910354614,10.888400011062622,9.12199999332428,7.423599989414215,62.82833375686175,0.8595837546843264,0.984321288795225,-0.1247375341108986,15.165547768246444,13.806499910354614,12.447452052462783,65.27389489783393,45.54158938251322,KZR
2021-12-21,14.739999771118164,14.829999923706055,14.369999885559082,14.699999809265137,14.699999809265137,687300,14.135999870300292,13.85299997329712,13.821999883651733,11.012600011825562,9.22029999256134,7.46589998960495,62.492265769523215,0.8712170269102977,0.9617004364182395,-0.09048340950794187,15.21398549642486,13.821999883651733,12.430014270878607,74.20279358252446,62.24586298949222,KZR
2021-12-22,14.739999771118164,15.0,14.319999694824219,15.0,15.0,574900,14.57599983215332,13.876999950408935,13.913499879837037,11.141400003433228,9.32159999370575,7.508649990558625,64.04561842147334,0.8943346539617991,0.9482272799269514,-0.05389262596515232,15.36148159727132,13.913499879837037,12.465518162402754,78.77120121240989,72.74929656425603,KZR
2021-12-23,14.75,15.890000343322754,14.75,15.6899995803833,15.6899995803833,416000,14.94799976348877,14.058999919891358,14.035999870300293,11.279999990463256,9.429999990463257,7.554299988746643,67.39067188181241,0.9572976085887177,0.9500413456593046,0.00725626292941306,15.641333424827012,14.035999870300293,12.430666315773573,85.3916344663158,79.45520975375,KZR
2021-12-27,15.960000038146973,16.34000015258789,15.670000076293945,15.779999732971191,15.779999732971191,719400,15.181999778747558,14.281999874114991,14.140499877929688,11.420199975967407,9.534299988746643,7.599199986457824,67.81133392015195,1.0028976836898824,0.9606126132654202,0.04228507042446217,15.906223151544696,14.140499877929688,12.37477660431468,88.91747374583747,84.360103141521,KZR
2021-12-28,15.819999694824219,16.770000457763672,15.609999656677246,16.219999313354492,16.219999313354492,880800,15.477999687194824,14.57299976348877,14.290999841690063,11.569799966812134,9.638699979782105,7.648449983596802,69.85848656144573,1.062294886449978,0.9809490679023318,0.08134581854764611,16.219438410231383,14.290999841690063,12.362561273148744,90.02848603161476,88.11253141458928,KZR
2021-12-29,16.139999389648438,16.479999542236328,15.859999656677246,16.329999923706055,16.329999923706055,371500,15.803999710083009,14.96999979019165,14.414499855041504,11.730199956893921,9.743499979972839,7.6985999822616575,70.36590521441326,1.1055002092507475,1.005859296172015,0.09964091307873257,16.524527896192254,14.414499855041504,12.304471813890752,88.65725546791016,89.20107174845407,KZR
2021-12-30,16.280000686645508,16.979999542236328,16.209999084472656,16.350000381469727,16.350000381469727,498800,16.07399978637695,15.324999809265137,14.526499891281128,11.881199960708619,9.847999982833862,7.748899984359741,70.46326807800769,1.1283477185116908,1.0303569806399502,0.09799073787174062,16.792052955186655,14.526499891281128,12.260946827375603,88.7488333438054,89.14485828111005,KZR
2021-12-31,16.420000076293945,17.280000686645508,16.309999465942383,16.719999313354492,16.719999313354492,1288400,16.27999973297119,15.61399974822998,14.62249984741211,12.041399946212769,9.956099977493286,7.802099981307983,72.27783909907163,1.1629051095814518,1.0568666064282506,0.10603850315320118,17.08079075355605,14.62249984741211,12.164208941268168,89.06386125646311,88.82331668939283,KZR
2022-01-03,16.920000076293945,16.920000076293945,15.640000343322754,15.8100004196167,15.8100004196167,583100,16.285999870300294,15.733999824523925,14.726499891281128,12.184199953079224,10.055699982643127,7.84914998292923,62.1628078274269,1.1041350043996854,1.0663202860225376,0.03781471837714778,17.200898869938484,14.726499891281128,12.252100912623769,82.80218381490369,86.87162613839068,KZR
2022-01-04,15.670000076293945,15.819999694824219,15.020000457763672,15.319999694824219,15.319999694824219,697000,16.10599994659424,15.791999816894531,14.820499897003174,12.31879994392395,10.150399980545044,7.892399981021881,57.49679182279544,1.0064189381980508,1.0543400164576402,-0.047921078259589356,17.234363624443198,14.820499897003174,12.406636169563152,74.56977531034086,82.14527346056916,KZR
2022-01-05,15.020000457763672,15.869999885559082,14.479999542236328,14.550000190734863,14.550000190734863,534300,15.75,15.776999855041504,14.814999914169311,12.432799940109254,10.237199983596803,7.931499981880188,51.01636621886734,0.8569671431190091,1.014865441789914,-0.15789829867090477,17.230801863924395,14.814999914169311,12.399197964414228,57.457116801766766,71.60969197567037,KZR
2022-01-06,14.329999923706055,14.760000228881836,14.069999694824219,14.300000190734863,14.300000190734863,534500,15.339999961853028,15.70699987411499,14.791999912261963,12.550399942398071,10.323599987030029,7.96994998216629,49.08209549304557,0.7101662536055837,0.9539256041530478,-0.24375935054746412,17.2181950837271,14.791999912261963,12.365804740796825,43.34308379147007,58.45665863452584,KZR
2022-01-07,14.260000228881836,14.600000381469727,13.609999656677246,13.619999885559082,13.619999885559082,427000,14.720000076293946,15.499999904632569,14.779499912261963,12.66379994392395,10.403299984931946,8.005249981880189,44.17587888354535,0.5328132103704384,0.869703125396526,-0.33688991502608756,17.22704930149009,14.779499912261963,12.331950523033834,22.59261731183264,41.130939301689764,KZR
2022-01-10,13.420000076293945,13.9399995803833,13.100000381469727,13.800000190734863,13.800000190734863,406900,14.318000030517577,15.301999950408936,14.791999912261963,12.780999946594239,10.48359998703003,8.043399982452392,45.72252887838093,0.4021484491561207,0.7761921901484449,-0.3740437409923242,17.216752072908143,14.791999912261963,12.367247751615782,15.523238460147356,27.152979854483295,KZR
2022-01-11,13.640000343322754,14.699999809265137,13.640000343322754,14.680000305175781,14.680000305175781,367200,14.19000015258789,15.148000049591065,14.860499906539918,12.914599952697754,10.574999990463256,8.08879998445511,52.63206335108408,0.36539232401020705,0.6940322169207973,-0.32863989291059026,17.1894263387939,14.860499906539918,12.531573474285937,18.272643299681572,18.79616635722046,KZR
2022-01-12,14.859999656677246,14.970000267028809,13.800000190734863,13.850000381469727,13.850000381469727,403300,14.050000190734863,14.900000095367432,14.934999942779541,13.030799961090088,10.658999996185303,8.128399987220764,46.60578709029325,0.26621995485084327,0.6084697645068065,-0.3422498096559632,17.021963972985425,14.934999942779541,12.848035912573657,24.162675532338955,19.319519097389232,KZR
2022-01-13,14.100000381469727,14.100000381469727,13.0,13.319999694824219,13.319999694824219,414700,13.854000091552734,14.597000026702881,14.960999917984008,13.139199953079224,10.730499992370605,8.16519998550415,43.20401065362554,0.14320770253089243,0.5154173521116237,-0.3722096495807312,16.951656905127624,14.960999917984008,12.970342930840394,21.072749361229487,21.169356064416608,KZR
2022-01-14,13.199999809265137,14.270000457763672,13.010000228881836,14.199999809265137,14.199999809265137,472400,13.970000076293946,14.345000076293946,14.979499912261963,13.25379994392395,10.81239998817444,8.206299984455109,49.76091198674282,0.11539802448598024,0.435413486586495,-0.32001546210051474,16.93432427188949,14.979499912261963,13.024675552634434,17.818861276477843,21.018095390015365,KZR
2022-01-18,13.90999984741211,13.989999771118164,12.949999809265137,13.180000305175781,13.180000305175781,436300,13.84600009918213,14.082000064849854,14.907999944686889,13.347399950027466,10.879799990653991,8.240399985313415,43.49326022997237,0.01092725618171464,0.3505162405055389,-0.3395889843238243,17.010670383663392,14.907999944686889,12.805329505710386,13.608596691638175,17.500069109781773,KZR
2022-01-19,13.279999732971191,13.529999732971191,12.680000305175781,12.720000267028809,12.720000267028809,694200,13.454000091552734,13.822000122070312,14.806999969482423,13.430999956130982,10.940399994850159,8.271699986457826,40.986025889683084,-0.10774274773998016,0.2588644428564351,-0.3666071905964153,17.116164905385173,14.806999969482423,12.497835033579674,11.406242402217734,14.277900123444523,KZR
2022-01-20,12.9399995803833,13.149999618530273,12.199999809265137,12.319999694824219,12.319999694824219,502000,13.147999954223632,13.599000072479248,14.687999963760376,13.515199956893921,10.994199991226196,8.302199985980987,38.886784292709706,-0.23139886201130366,0.16081178188288736,-0.392210643894191,17.239537336037746,14.687999963760376,12.136462591483006,2.847851682409264,9.287563592088329,KZR
2022-01-21,11.9399995803833,12.720000267028809,11.710000038146973,12.300000190734863,12.300000190734863,563100,12.944000053405762,13.399000072479248,14.55299997329712,13.605999956130981,11.042899994850158,8.332799987792969,38.77983550313449,-0.3272388109887121,0.06320166330856747,-0.39044047429727957,17.302269467380786,14.55299997329712,11.803730479213453,4.852048475034076,6.368714186553629,KZR
2022-01-24,11.789999961853027,12.640000343322754,11.40999984741211,12.619999885559082,12.619999885559082,537000,12.628000068664551,13.299000072479249,14.399499988555908,13.709599952697754,11.092899994850159,8.3656999874115,41.549804031522825,-0.3730708317002627,-0.024052835693198563,-0.3490179960070641,17.21960247186626,14.399499988555908,11.579397505245556,13.605542191806691,7.101814116416615,KZR
2022-01-25,12.40999984741211,12.850000381469727,11.609999656677246,12.6899995803833,12.6899995803833,295600,12.529999923706054,13.188000011444093,14.244999980926513,13.808599948883057,11.140199990272523,8.400149984359741,42.16624711397136,-0.3991435693464105,-0.09907098242384095,-0.30007258692256955,17.08415820603226,14.244999980926513,11.405841755820768,22.384656616203173,13.614082427681252,KZR
2022-01-26,13.050000190734863,13.460000038146973,12.510000228881836,12.579999923706055,12.579999923706055,356200,12.501999855041504,12.97799997329712,14.063000011444093,13.896399955749512,11.18409999370575,8.434249982833862,41.42686498869334,-0.4237971846235258,-0.16401622286377793,-0.25978096175974785,16.838363778071763,14.063000011444093,11.287636244816422,29.56491920392013,21.851706003976602,KZR
2022-01-27,12.65999984741211,12.819999694824219,12.039999961853027,12.350000381469727,12.350000381469727,341900,12.507999992370605,12.82799997329712,13.864000034332275,13.975199966430663,11.223200001716613,8.46514998435974,39.853286310971775,-0.45663063945352533,-0.2225391061817274,-0.23409153327179794,16.5291934418671,13.864000034332275,11.198806626797447,29.32307280559672,27.090882875239945,KZR
2022-01-28,12.369999885559082,12.699999809265137,12.020000457763672,12.539999961853027,12.539999961853027,431200,12.555999946594238,12.75,13.67350001335144,13.994199962615967,11.27,8.49809998512268,41.81934007417657,-0.4619944265466973,-0.2704301702547214,-0.19156425629197593,16.137774868310565,13.67350001335144,11.209225158392314,30.33708186230439,29.74169129060702,KZR
2022-01-31,12.609999656677246,13.210000038146973,12.609999656677246,13.180000305175781,13.180000305175781,505000,12.668000030517579,12.648000049591065,13.496500062942506,14.001799964904786,11.32380000114441,8.53529998779297,47.98683773700189,-0.40987777165039674,-0.29831969053385643,-0.11155808111654031,15.531152717921891,13.496500062942506,11.46184740796312,35.95506230001764,31.87173898930619,KZR
2022-02-01,13.15999984741211,13.300000190734863,12.569999694824219,13.020000457763672,13.020000457763672,424500,12.734000205993652,12.632000064849853,13.357000064849853,13.996799964904785,11.37510000705719,8.572299990653992,46.655294328635485,-0.37713818345796035,-0.3140833891186772,-0.06305479433928313,15.099677322182457,13.357000064849853,11.614322807517249,42.22847051463505,36.1735382256523,KZR
2022-02-02,13.039999961853027,13.039999961853027,12.430000305175781,12.59000015258789,12.59000015258789,258000,12.736000251770019,12.619000053405761,13.220500087738037,13.969199962615967,11.425300006866456,8.608249990940093,43.18696919476774,-0.3814916565581594,-0.32756504260657365,-0.05392661395158577,14.740164297964812,13.220500087738037,11.700835877511262,45.40086072038306,41.194797845011855,KZR
2022-02-03,12.449999809265137,12.6899995803833,12.300000190734863,12.329999923706055,12.329999923706055,219500,12.732000160217286,12.620000076293945,13.109500074386597,13.927999954223633,11.47220000743866,8.640999989509583,41.19294089280157,-0.40129577303967956,-0.3423111886931948,-0.058984584346484736,14.546573247068658,13.109500074386597,11.672426901704537,39.55043400331199,42.39325507944331,KZR
2022-02-04,12.220000267028809,13.020000457763672,12.109999656677246,12.8100004196167,12.8100004196167,350400,12.78600025177002,12.671000099182129,13.035000085830688,13.920799961090088,11.510600008964538,8.676799991130828,46.13739743820703,-0.3739480096629322,-0.3486385528871423,-0.025309456775789885,14.368214327316156,13.035000085830688,11.70178584434522,42.56338692310943,42.5048938822681,KZR
2022-02-07,12.850000381469727,14.220000267028809,12.850000381469727,14.130000114440918,14.130000114440918,557800,12.976000213623047,12.822000122070312,13.06050009727478,13.938599967956543,11.561000008583068,8.718999991416931,56.87554862666367,-0.24296106259074968,-0.3275030548278638,0.08454199223711412,14.455569726633799,13.06050009727478,11.66543046791576,61.07618857271225,47.73000316637783,KZR
2022-02-08,14.039999961853027,14.920000076293945,13.890000343322754,14.239999771118164,14.239999771118164,856400,13.220000076293946,12.9770001411438,13.082500076293945,13.94959997177124,11.614800009727478,8.761449990272522,57.633543904091376,-0.12879227318284237,-0.2877608984988595,0.15896862531601713,14.536169603018083,13.082500076293945,11.628830549569807,77.2291703144072,60.2895819367429,KZR
2022-02-09,14.109999656677246,14.930000305175781,14.109999656677246,14.680000305175781,14.680000305175781,677300,13.638000106811523,13.187000179290772,13.082500076293945,13.978999977111817,11.664300017356872,8.806249992847443,60.61558658873073,-0.002776315537488472,-0.23076398190658529,0.22798766636909681,14.536169603018083,13.082500076293945,11.628830549569807,90.10721648832812,76.13752512514912,KZR
2022-02-10,14.329999923706055,15.479999542236328,14.039999961853027,14.75,14.75,613100,14.122000122070313,13.427000141143798,13.127500057220459,13.99679998397827,11.725400013923645,8.850699992179871,61.08487280558701,0.10156979577220149,-0.16429722637082794,0.26586702214302943,14.722289998001283,13.127500057220459,11.532710116439635,85.19613111941062,84.17750597404859,KZR
2022-02-11,14.550000190734863,15.050000190734863,14.40999984741211,14.619999885559082,14.619999885559082,208300,14.48400001525879,13.635000133514405,13.192500066757201,14.006999988555908,11.781100010871887,8.895149991512298,59.66303188879512,0.1717945770335394,-0.09707886568995447,0.2688734427234939,14.914288345169869,13.192500066757201,11.470711788344534,84.24646871821533,86.51660544198462,KZR
2022-02-14,14.729999542236328,14.819999694824219,14.100000381469727,14.1899995803833,14.1899995803833,200300,14.495999908447265,13.736000061035156,13.19200005531311,13.994799976348878,11.83010000705719,8.936949989795686,55.09490183047945,0.19055420094753472,-0.03955225236245662,0.23010645330999135,14.91262313586841,13.19200005531311,11.471376974757812,74.18614406710601,81.20958130157726,KZR
2022-02-15,14.380000114440918,15.25,14.350000381469727,15.229999542236328,15.229999542236328,250900,14.693999862670898,13.956999969482421,13.294500017166138,14.024799976348877,11.888899998664856,8.984299986362457,62.56118530088519,0.2860433140656067,0.02556686092315604,0.26047645314245066,15.230779542327534,13.294500017166138,11.358220492004742,77.75636826572229,78.72966035034783,KZR
2022-02-16,15.09000015258789,15.520000457763672,14.949999809265137,15.3100004196167,15.3100004196167,194700,14.819999885559081,14.228999996185303,13.424000024795532,14.062199993133545,11.952800002098083,9.03209998846054,63.06985509167077,0.3639788052845745,0.09324924979543975,0.27072955548913474,15.52840867653819,13.424000024795532,11.319591373052875,83.16377257174209,78.36876163485674,KZR
2022-02-17,15.149999618530273,15.34000015258789,14.319999694824219,14.420000076293945,14.420000076293945,257700,14.75399990081787,14.438000011444093,13.529000043869019,14.057399997711181,12.007300000190735,9.075799989700318,54.240698196505775,0.3498942903302744,0.1445782579024067,0.20531603242786772,15.612044842309329,13.529000043869019,11.445955245428708,84.83883178247648,81.91965753998022,KZR
2022-02-18,14.3100004196167,14.550000190734863,14.020000457763672,14.329999923706055,14.329999923706055,314900,14.695999908447266,14.589999961853028,13.630500030517577,14.048799991607666,12.061900000572205,9.119949989318847,53.42620126593801,0.32769251526983467,0.1812011093758923,0.14649140589394238,15.66128772913349,13.630500030517577,11.599712331901666,75.61485420605767,81.205819520092,KZR
2022-02-22,14.289999961853027,14.460000038146973,13.84000015258789,14.020000457763672,14.020000457763672,260200,14.66200008392334,14.578999996185303,13.700500059127808,14.051800003051758,12.11720000743866,9.162049992084503,50.60730081861955,0.2818342723949421,0.20132774197970224,0.08050653041523984,15.68307885171101,13.700500059127808,11.717921266544607,62.95210141573535,74.46859580142309,KZR
2022-02-23,14.130000114440918,14.199999809265137,12.869999885559082,13.039999961853027,13.039999961853027,388000,14.224000167846679,14.45900001525879,13.718000078201294,14.04159999847412,12.161200003623962,9.20114999294281,42.901046127942,0.1645169853132522,0.19396559064641222,-0.029448605333160016,15.670542907007304,13.718000078201294,11.765457249395284,49.46236739571938,62.676441005837404,KZR
2022-02-24,12.630000114440918,13.819999694824219,12.489999771118164,13.779999732971191,13.779999732971191,610900,13.918000030517579,14.36899995803833,13.77800006866455,14.05099998474121,12.212699999809265,9.244799990653991,49.19246089300424,0.12975821523516196,0.18112411556416216,-0.05136590032900021,15.659431285587349,13.77800006866455,11.896568851741751,44.086022708257396,52.16683050657065,KZR
2022-02-25,13.890000343322754,14.640000343322754,13.640000343322754,14.40999984741211,14.40999984741211,237900,13.91599998474121,14.334999942779541,13.88100004196167,14.091999988555909,12.272400002479554,9.29219999074936,53.854181543488785,0.1513032539016308,0.1751599432316559,-0.023856689330025105,15.661279674142072,13.88100004196167,12.100720409781268,46.537550792488425,46.695313632155006,KZR
2022-02-28,14.199999809265137,14.989999771118164,14.170000076293945,14.850000381469727,14.850000381469727,300300,14.020000076293945,14.357999992370605,13.996500062942506,14.132999992370605,12.334000010490417,9.340699992179871,56.83314869974249,0.20155877404774358,0.18043970939487344,0.02111906465287014,15.712358634618216,13.996500062942506,12.280641491266795,63.409237944728055,51.344270481824566,KZR
2022-03-01,14.850000381469727,15.3100004196167,14.460000038146973,14.569999694824219,14.569999694824219,242900,14.129999923706055,14.396000003814697,14.066000032424927,14.147799987792968,12.394400010108948,9.3873499917984,54.42532349063496,0.21629955387086675,0.1876116782900721,0.028687875580794636,15.756353737904307,14.066000032424927,12.375646326945548,69.9669875585923,59.97125876526953,KZR
2022-03-02,14.680000305175781,14.8100004196167,14.170000076293945,14.210000038146973,14.210000038146973,395100,14.363999938964843,14.294000053405762,14.125500011444093,14.139799995422363,12.449800009727477,9.430999991893769,51.40957626333281,0.1966657243805887,0.18942248750817542,0.0072432368724132945,15.746752255206921,14.125500011444093,12.504247767681264,67.76677013348719,67.04766521226912,KZR
2022-03-03,14.390000343322754,14.390000343322754,13.699999809265137,13.8100004196167,13.8100004196167,286600,14.370000076293945,14.144000053405762,14.186500024795532,14.121200008392334,12.504800009727479,9.471949994564056,48.212895231007955,0.1471330881236188,0.1809646076312641,-0.03383151950764529,15.656850617875273,14.186500024795532,12.71614943171579,56.325629031476375,64.68646224118523,KZR
2022-03-04,13.619999885559082,13.789999961853027,13.199999809265137,13.300000190734863,13.300000190734863,184300,14.148000144958496,14.032000064849854,14.235000038146973,14.09320001602173,12.552900013923646,9.511699995994569,44.420334196254295,0.06596495783344025,0.15796467767169933,-0.09199971983825908,15.50794140658398,14.235000038146973,12.962058669709966,42.354240513460745,55.482213226141376,KZR
2022-03-07,13.220000267028809,13.800000190734863,13.220000267028809,13.40999984741211,13.40999984741211,224000,13.860000038146973,13.940000057220459,14.265000009536744,14.06140001296997,12.6014000082016,9.54884999513626,45.41763768129057,0.010394857337228558,0.12845071360480517,-0.11805585626757661,15.42550852511301,14.265000009536744,13.104491493960477,33.55336032157606,44.07774328883767,KZR
2022-03-08,13.479999542236328,14.420000076293945,13.199999809265137,14.039999961853027,14.039999961853027,356600,13.754000091552735,13.942000007629394,14.26050000190735,14.028400020599365,12.654200005531312,9.588499994277955,50.856538407650866,0.016994988786057874,0.10615956864105572,-0.08916457985499784,15.423762235630553,14.26050000190735,13.097237768184145,36.08360773758087,37.33040285753916,KZR
2022-03-09,14.0600004196167,14.729999542236328,14.0600004196167,14.4399995803833,14.4399995803833,380600,13.8,14.081999969482421,14.270499992370606,14.001600017547608,12.710899996757508,9.632699992656708,53.991285682526765,0.05388115833628859,0.09570388658010229,-0.041822728243813695,15.436321159193245,14.270499992370606,13.104678825547968,49.97972631192101,39.87223145702592,KZR
2022-03-10,14.1899995803833,14.489999771118164,13.989999771118164,14.449999809265137,14.449999809265137,267000,13.927999877929688,14.148999977111817,14.258999967575074,13.96620002746582,12.767999997138977,9.677849991321564,54.07016564851265,0.0829642876857477,0.09315596680123137,-0.01019167911548366,15.412913277293844,14.258999967575074,13.105086657856303,63.026559487876206,49.696631179125966,KZR
2022-03-11,14.699999809265137,15.300000190734863,14.0,14.229999542236328,14.229999542236328,834400,14.11399974822998,14.130999946594239,14.23299994468689,13.924200019836427,12.827199988365173,9.720599989891053,51.95963968438814,0.08725487441951252,0.0919757483248876,-0.004720873905375081,15.364708352427646,14.23299994468689,13.101291536946134,66.54222453456023,59.849503444785746,KZR
2022-03-14,14.1899995803833,14.739999771118164,13.739999771118164,14.109999656677246,14.109999656677246,348700,14.253999710083008,14.05699987411499,14.207499933242797,13.879400005340576,12.880299983024598,9.761849987506867,50.794987713057516,0.08004944723561813,0.08959048810703371,-0.00954104087141558,15.326086068120093,14.207499933242797,13.088913798365502,62.88414268813233,64.15097557018952,KZR
2022-03-15,14.100000381469727,14.529999732971191,13.930000305175781,14.0,14.0,385200,14.245999717712403,13.999999904632569,14.197999954223633,13.825000019073487,12.933199982643128,9.803249988555908,49.69537144186313,0.06471702372713928,0.08461579523105482,-0.019898771503915544,15.320240541051279,14.197999954223633,13.075759367395987,57.564997229723396,62.33045481747192,KZR
2022-03-16,14.199999809265137,14.869999885559082,13.760000228881836,14.710000038146973,14.710000038146973,1404500,14.299999809265136,14.049999904632568,14.171999979019166,13.803000011444091,12.993599982261658,9.84709998846054,56.27500612201959,0.10860510494758024,0.08941365717435991,0.019191447773220335,15.218968998205707,14.171999979019166,13.125030959832625,60.85228584144583,60.43380858643378,KZR
2022-03-17,14.770000457763672,15.380000114440918,14.430000305175781,15.3100004196167,15.3100004196167,2691200,14.47199993133545,14.199999904632568,14.171999979019166,13.802800025939941,13.060799984931945,9.894749989509583,60.92613184580182,0.18961596704724748,0.10945411914893742,0.08016184789831006,15.218968998205707,14.171999979019166,13.125030959832625,73.9663571855545,64.1278800855745,KZR
2022-03-18,16.0,18.549999237060547,15.399999618530273,15.59000015258789,15.59000015258789,3614400,14.744000053405761,14.428999900817871,14.230499982833862,13.823600025177003,13.128199982643128,9.94424998998642,62.90897313019072,0.27326131101423634,0.14221555752199722,0.13104575349223913,15.443883357596249,14.230499982833862,13.017116608071476,71.00862828488096,68.60909043729369,KZR
2022-03-21,15.539999961853027,15.630000114440918,14.40999984741211,14.789999961853027,14.789999961853027,797400,14.880000114440918,14.566999912261963,14.253499984741211,13.833400020599365,13.191899981498718,9.990349988937378,54.41286051501088,0.27186364436548516,0.1681451748906948,0.10371846947479035,15.490759541768991,14.253499984741211,13.01624042771343,57.060515288171395,67.34516691953554,KZR
2022-03-22,14.960000038146973,16.110000610351562,14.899999618530273,16.030000686645508,16.030000686645508,1061500,15.28600025177002,14.76599998474121,14.353999996185303,13.881600036621094,13.272699990272521,10.042099993228913,62.7992636056835,0.3665878819390489,0.20783371630036562,0.15875416563868328,15.806823710614896,14.353999996185303,12.90117628175571,42.42991963644158,56.83302106983124,KZR
2022-03-23,16.600000381469727,18.329999923706055,16.329999923706055,17.549999237060547,17.549999237060547,1450200,15.854000091552734,15.076999950408936,14.579499959945679,13.956600017547608,13.368799982070923,10.101649990081787,70.06821717257348,0.5578778341230795,0.27784253986490837,0.2800352942581711,16.47814653634566,14.579499959945679,12.680853383545701,54.641753244557925,51.37739605639023,KZR
2022-03-24,17.6200008392334,18.520000457763672,17.360000610351562,18.329999923706055,18.329999923706055,946600,16.457999992370606,15.464999961853028,14.806999969482423,14.029600009918212,13.472099981307984,10.164699990749359,72.98534995782894,0.7636135741236227,0.37499674671665123,0.3886168274069715,17.273423225488024,14.806999969482423,12.340576713476821,76.69783013222572,57.923167671075,KZR
2022-03-25,18.31999969482422,18.43000030517578,17.860000610351562,18.059999465942383,18.059999465942383,570400,16.951999855041503,15.847999954223633,14.989499950408936,14.113799991607666,13.572299976348877,10.226649987697602,70.42667569455699,0.8945618971614344,0.47890977680560787,0.41565212035582655,17.82408952052689,14.989499950408936,12.15491038029098,89.34579895723289,73.56179411133877,KZR
2022-03-28,18.1200008392334,18.299999237060547,16.979999542236328,17.229999542236328,17.229999542236328,517900,17.439999771118163,16.159999942779542,15.108499908447266,14.191999988555908,13.665599970817565,10.284599986076355,63.103023521485724,0.9207514794491356,0.5672781173343134,0.35347336211482216,18.10488601995192,15.108499908447266,12.11211379694261,86.4287211702253,84.15745008656124,KZR
2022-03-29,17.299999237060547,17.8700008392334,16.780000686645508,17.489999771118164,17.489999771118164,449900,17.731999588012695,16.50899991989136,15.254499912261963,14.25779998779297,13.75579996585846,10.343149983882904,64.35353407508748,0.9515182475973205,0.6441261433869149,0.30739210421040564,18.411932025218373,15.254499912261963,12.097067799305552,80.45362908917282,85.40938307221028,KZR
2022-03-30,17.440000534057617,17.790000915527344,16.809999465942383,16.899999618530273,16.899999618530273,507300,17.60199966430664,16.727999877929687,15.388999891281127,14.332199974060059,13.839799962043763,10.399449982643127,59.431167837262,0.9177142133463256,0.698843757378797,0.21887045596752863,18.585928797241404,15.388999891281127,12.19207098532085,72.07207743069678,79.65147589669823,KZR
2022-03-31,16.979999542236328,17.260000228881836,16.43000030517578,16.6200008392334,16.6200008392334,1478200,17.25999984741211,16.858999919891357,15.529499912261963,14.41019998550415,13.920599970817566,10.454299986362457,57.19527803920651,0.8584352045351533,0.7307620468100683,0.12767315772508503,18.683199042910037,15.529499912261963,12.37580078161389,67.84478172223167,73.45682941403369,KZR
2022-04-01,16.610000610351562,17.059999465942383,16.3700008392334,16.969999313354492,16.969999313354492,816500,17.04199981689453,16.99699983596802,15.712999868392945,14.503199977874756,14.009199967384339,10.510899982452393,59.25859897998359,0.830128905487225,0.7506354185454996,0.07949348694172531,18.75142103312666,15.712999868392945,12.67457870365923,64.19545569645884,68.03743828312905,KZR
2022-04-04,17.100000381469727,17.799999237060547,16.829999923706055,17.1299991607666,17.1299991607666,845200,17.021999740600585,17.230999755859376,15.89899983406067,14.59979995727539,14.102899956703187,10.569099979400635,60.20301506875284,0.8112549677875389,0.7627593283939075,0.04849563939363144,18.80320967582111,15.89899983406067,12.99478999230023,65.74826519801911,65.92950087223649,KZR
2022-04-05,16.93000030517578,17.610000610351562,16.469999313354492,16.510000228881836,16.510000228881836,434400,16.82599983215332,17.278999710083006,16.02249984741211,14.677599964141846,14.1935999584198,10.624949979782105,54.89294775247553,0.7377640195501094,0.7577602666251478,-0.019996247075038442,18.807623540052642,16.02249984741211,13.237376154771576,62.698053746099646,64.21392488019248,KZR
2022-04-06,16.25,16.739999771118164,16.030000686645508,16.549999237060547,16.549999237060547,1393600,16.755999755859374,17.17899971008301,16.127999830245972,14.75479995727539,14.281699953079224,10.681049976348877,55.16768397609607,0.6749688781982872,0.7412019889397757,-0.06623311074148852,18.823771092794487,16.127999830245972,13.432228567697457,57.59012227690531,62.01214707367464,KZR
2022-04-07,16.440000534057617,16.790000915527344,15.960000038146973,16.579999923706055,16.579999923706055,581100,16.747999572753905,17.003999710083008,16.234499835968016,14.83479995727539,14.365599956512451,10.73739997625351,55.38716549166669,0.6204716697696,0.7170559251057406,-0.09658425533614057,18.822846354099383,16.234499835968016,13.646153317836648,51.737838683702854,57.342004902235885,KZR
2022-04-08,16.3799991607666,17.760000228881836,14.510000228881836,16.360000610351562,16.360000610351562,2476800,16.62599983215332,16.833999824523925,16.34099988937378,14.914999961853027,14.445099964141846,10.791849980354309,53.3255076606138,0.5531537217043763,0.6842754844254677,-0.13112176272109144,18.760444961240644,16.34099988937378,13.921554817506918,50.207843966272456,53.17860164229349,KZR
2022-04-11,16.440000534057617,16.440000534057617,15.09000015258789,15.729999542236328,15.729999542236328,603900,16.345999908447265,16.683999824523926,16.421999883651733,14.978799953460694,14.48649995803833,10.841499977111816,47.83448547342558,0.44385149802351975,0.6361906871450781,-0.19233918912155834,18.63709860304799,16.421999883651733,14.206901164255477,43.11887968488944,48.354854111621535,KZR
2022-04-12,15.880000114440918,16.31999969482422,14.789999961853027,14.859999656677246,14.859999656677246,496500,16.015999794006348,16.420999813079835,16.464999866485595,15.012399940490722,14.507099952697754,10.887849974632264,41.482040596376386,0.2837560156873842,0.5657037528535394,-0.2819477371661552,18.51780735797328,16.464999866485595,14.412192374997913,28.428918764869056,40.58521413867694,KZR
2022-04-13,14.800000190734863,15.739999771118164,14.800000190734863,15.4399995803833,15.4399995803833,732200,15.793999862670898,16.274999809265136,16.50149984359741,15.060799922943115,14.52879994392395,10.937349972724915,46.57572314286442,0.20135919562636317,0.49283484140810413,-0.29147564578174096,18.451579288543073,16.50149984359741,14.551420398651748,20.95885295470316,30.835550468153837,KZR
2022-04-14,15.4399995803833,15.59000015258789,14.850000381469727,14.989999771118164,14.989999771118164,613900,15.47599983215332,16.111999702453613,16.485499811172485,15.108799915313721,14.538999938964844,10.985149972438812,43.41794887664807,0.09861117010297527,0.41399010714707835,-0.3153789370441031,18.4791843789517,16.485499811172485,14.491815243393267,15.039178820730571,21.47565018010088,KZR
2022-04-18,15.029999732971191,15.09000015258789,14.449999809265137,14.5600004196167,14.5600004196167,533500,15.115999794006347,15.870999813079834,16.433999824523926,15.153399925231934,14.540699939727784,11.030749974250794,40.58628969892581,-0.017315136282736177,0.32772905846111544,-0.3450441947438516,18.565969527632475,16.433999824523926,14.30203012141538,13.201920941862737,16.399984239098774,KZR
2022-04-19,14.619999885559082,15.0,14.34000015258789,14.619999885559082,14.619999885559082,342900,14.8939998626709,15.619999885559082,16.425499820709227,15.189599914550781,14.555199937820435,11.077049973011016,41.162906319692134,-0.10315698432989606,0.24155184990291312,-0.3447088342328092,18.58480013811166,16.425499820709227,14.266199503306794,7.991256669192382,12.077452143928516,KZR
2022-04-20,14.859999656677246,15.15999984741211,14.59000015258789,14.90999984741211,14.90999984741211,445800,14.90399990081787,15.45999984741211,16.36949977874756,15.205199909210204,14.571899938583375,11.124449973106385,43.992238486509066,-0.14610251522381112,0.16402097687756828,-0.3101234921013794,18.622963326874896,16.36949977874756,14.116036230620225,9.26095169933167,10.15137643679555,KZR
2022-04-21,14.979999542236328,15.109999656677246,13.899999618530273,13.9399995803833,13.9399995803833,453600,14.603999900817872,15.198999881744385,16.188999795913695,15.199199905395508,14.574399938583374,11.166899971961975,37.49709251685902,-0.2554632514395898,0.08012413121413665,-0.33558738265372645,18.607585216377856,16.188999795913695,13.770414375449533,8.530701366311936,8.594303244945282,KZR
2022-04-22,13.789999961853027,14.220000267028809,13.5600004196167,13.600000381469727,13.600000381469727,351100,14.326000022888184,14.900999927520752,15.95249981880188,15.177599906921387,14.578299942016601,11.206499974727631,35.51762881550113,-0.36535592102124426,-0.00897187923293953,-0.35638404178830474,18.412100144778247,15.95249981880188,13.492899492825511,6.1476732386472035,7.979775434763557,KZR
2022-04-25,13.479999542236328,14.020000457763672,13.149999618530273,13.9399995803833,13.9399995803833,575500,14.201999855041503,14.658999824523926,15.746499824523926,15.161399898529053,14.579099941253663,11.247349972724914,38.98629139319767,-0.4201681229622416,-0.09121112797879995,-0.32895699498344166,18.1551530296077,15.746499824523926,13.337846619440155,6.36856402578428,7.01564621024776,KZR
2022-04-26,13.779999732971191,14.09000015258789,12.699999809265137,12.739999771118164,12.739999771118164,688400,13.82599983215332,14.359999847412109,15.521999835968018,15.123799896240234,14.565399942398072,11.282999970912932,32.368265652139314,-0.5540503956156595,-0.18377898150617186,-0.3702714141094876,18.161633051899578,15.521999835968018,12.882366620036457,6.290188314687388,6.2688085263729105,KZR
2022-04-27,12.729999542236328,13.069999694824219,12.25,12.34000015258789,12.34000015258789,751300,13.311999893188476,14.107999897003173,15.264499855041503,15.086799907684327,14.540799942016601,11.317299971580505,30.509136636645056,-0.684538750932111,-0.2839309353913597,-0.4006078155407513,18.084581095360072,15.264499855041503,12.444418614722935,6.5201886283544574,6.392980322941995,KZR
2022-04-28,12.5,12.6899995803833,11.779999732971191,12.100000381469727,12.100000381469727,833600,12.944000053405762,13.773999977111817,15.024499893188477,15.024199924468995,14.524499950408936,11.351449973583222,29.41736986105323,-0.7981174868284189,-0.38676824567877155,-0.4113492411496473,18.056050282611622,15.024499893188477,11.992949503765331,2.591696838213356,5.134024593751686,KZR
2022-04-29,12.09000015258789,12.5600004196167,11.789999961853027,11.880000114440918,11.880000114440918,696400,12.6,13.463000011444091,14.787499856948852,14.955599918365479,14.508899955749511,11.384949975013733,28.413624264959896,-0.8955581987970174,-0.4885262363024207,-0.40703196249459667,18.017681401822774,14.787499856948852,11.55731831207493,3.04350268800763,4.0517960515251,KZR
2022-05-02,11.760000228881836,12.640000343322754,11.649999618530273,12.539999961853027,12.539999961853027,878700,12.320000076293946,13.260999965667725,14.56599988937378,14.91799991607666,14.487699956893922,11.421599974632263,35.52150326740222,-0.9090452850324517,-0.5726300460484269,-0.3364152389840248,17.77464668367039,14.56599988937378,11.357353095077167,8.851644806440971,4.828948110887271,KZR
2022-05-03,12.550000190734863,12.550000190734863,11.789999961853027,12.319999694824219,12.319999694824219,1863700,12.236000061035156,13.030999946594239,14.32549991607666,14.877799911499023,14.463299951553346,11.456849973201752,34.298986038771226,-0.926802478911144,-0.6434645326209704,-0.2833379462901736,17.449301802235418,14.32549991607666,11.201698029917903,12.528390932401416,8.141179475616624,KZR
2022-05-04,8.680000305175781,8.760000228881836,6.889999866485596,6.960000038146973,6.960000038146973,6426600,11.160000038146972,12.235999965667725,13.847999906539917,14.73659990310669,14.394199953079223,11.464699974060059,18.023597425565725,-1.3577312788768392,-0.7863178818721441,-0.5714133970046951,18.17718257242108,13.847999906539917,9.518817240658752,12.081280627029026,11.15377212195709,KZR
2022-05-05,6.880000114440918,6.880000114440918,6.28000020980835,6.449999809265137,6.449999809265137,2205900,10.029999923706054,11.486999988555908,13.342999935150146,14.604799900054932,14.323199949264527,11.47009997367859,17.187874066399875,-1.7205646158675805,-0.9731672286712314,-0.7473973871963491,18.559094612356454,13.342999935150146,8.126905257943841,6.366809658955483,10.325493739461926,KZR
2022-05-06,6.369999885559082,6.510000228881836,6.130000114440918,6.309999942779541,6.309999942779541,1823600,8.91599988937378,10.75799994468689,12.82949993610382,14.455399904251099,14.253199944496155,11.475249972343445,16.955454634203342,-1.9963962553849015,-1.1778130340139654,-0.8185832213709361,18.656154094268047,12.82949993610382,7.0028457779395925,1.5707877564638821,6.672959347482749,KZR
2022-05-09,6.03000020980835,6.260000228881836,5.670000076293945,5.710000038146973,5.710000038146973,1456400,7.5499999046325685,9.934999990463258,12.296999907493591,14.281399908065795,14.186699948310853,11.476999971866608,15.959417452319627,-2.2376159510414144,-1.3897736174194553,-0.8478423336219592,18.657836512390908,12.296999907493591,5.936163302596272,1.443086513895085,3.126894643104769,KZR
2022-05-10,5.880000114440918,6.050000190734863,5.489999771118164,5.559999942779541,5.559999942779541,1651300,6.197999954223633,9.217000007629395,11.788499927520752,14.095599899291992,14.114299945831299,11.478949971199036,15.710936432804317,-2.4130716637811958,-1.5944332266918033,-0.8186384370893924,18.581605977197498,11.788499927520752,4.995393877844006,1.0475006934978601,1.3537916546188946,KZR
2022-05-11,5.590000152587891,5.769999980926514,5.389999866485596,5.559999942779541,5.559999942779541,1455100,5.917999935150147,8.538999986648559,11.323499941825867,13.915399904251098,14.031599946022034,11.481049971580505,15.710936432804317,-2.523037573605455,-1.7801540960745337,-0.7428834775309214,18.475661164149663,11.323499941825867,4.171338719502071,1.024801343555756,1.1717961836495194,KZR
2022-05-12,5.5,5.679999828338623,5.309999942779541,5.519999980926514,5.519999980926514,918200,5.7319999694824215,7.880999946594239,10.827499961853027,13.741599903106689,13.940699949264527,11.48294997215271,15.635647789173598,-2.5836315161670917,-1.9408495800930452,-0.6427819360740465,18.142987282186724,10.827499961853027,3.5120126415193322,1.6815693441015096,1.2512904603849941,KZR
2022-05-13,5.590000152587891,5.920000076293945,5.590000152587891,5.75,5.75,1116600,5.619999980926513,7.267999935150146,10.36549997329712,13.580399894714356,13.850799951553345,11.486399972438813,18.066953028073552,-2.583314728719011,-2.0693426098182384,-0.5139721189007727,17.73798252779377,10.36549997329712,2.993017418800471,3.109481855058825,1.9386175142386488,KZR
2022-05-16,5.630000114440918,6.099999904632568,5.579999923706055,6.019999980926514,6.019999980926514,1782800,5.681999969482422,6.615999937057495,9.93849995136261,13.434799890518189,13.763999953269959,11.49214997291565,20.94712694382148,-2.532088589320036,-2.161891805718598,-0.3701967836014384,17.278942048357358,9.93849995136261,2.5980578543678634,5.517558431787272,3.4362032103158207,KZR
2022-05-17,6.130000114440918,6.659999847412109,6.110000133514404,6.630000114440918,6.630000114440918,1339100,5.896000003814697,6.046999979019165,9.538999962806702,13.299199895858765,13.680299954414368,11.500949974060058,27.17567678639462,-2.414437459888692,-2.2124009365526165,-0.20203652333607547,16.68390269995532,9.538999962806702,2.3940972256580846,10.682352479916505,6.436464255587485,KZR
2022-05-18,6.449999809265137,6.699999809265137,5.869999885559082,5.900000095367432,5.900000095367432,1695900,5.964000034332275,5.940999984741211,9.088499975204467,13.136399898529053,13.582399959564208,11.506199975013732,24.670570781013904,-2.3529793120279603,-2.2405166116476853,-0.11246270038027495,15.952665636299324,9.088499975204467,2.22433431410961,11.694927420429346,9.298279444044326,KZR
2022-05-19,5.940000057220459,6.070000171661377,5.489999771118164,5.489999771118164,5.489999771118164,1656200,5.957999992370605,5.844999980926514,8.66599998474121,12.95739990234375,13.479499959945679,11.506899974346162,23.367681883524842,-2.3107203409999455,-2.2545573575181375,-0.05616298348180804,15.320710821069092,8.66599998474121,2.01128914841333,9.46365204319027,10.61364398117866,KZR
2022-05-20,5.579999923706055,5.599999904632568,5.0,5.539999961853027,5.539999961853027,2902300,5.915999984741211,5.767999982833862,8.262999963760375,12.779199905395508,13.372699966430664,11.505699973106385,23.895531834276245,-2.247289846021939,-2.2531038552188978,0.005814009196958736,14.644304179446499,8.262999963760375,1.881695748074252,5.8856970860972,9.014758849905558,KZR
2022-05-23,5.650000095367432,5.869999885559082,5.460000038146973,5.510000228881836,5.510000228881836,773100,5.814000034332276,5.748000001907348,7.841499996185303,12.604799919128418,13.264499969482422,11.50399997472763,23.78965108496831,-2.1743765896691016,-2.2373584021089385,0.06298181243983692,13.764381995777324,7.841499996185303,1.918617996593282,7.723937144000085,7.691095424429137,KZR
2022-05-24,5.400000095367432,5.510000228881836,4.929999828338623,4.980000019073486,4.980000019073486,1824300,5.484000015258789,5.690000009536743,7.4535000085830685,12.422199926376344,13.15079996585846,11.499399974346161,21.9400374998993,-2.1347508176432513,-2.216836885215801,0.08208606757254966,13.049653297617652,7.4535000085830685,1.8573467195484845,7.760088070956697,7.123240767017946,KZR
2022-05-25,5.0,5.190000057220459,4.96999979019165,5.019999980926514,5.019999980926514,675100,5.307999992370606,5.63600001335144,7.0875,12.242599925994874,13.03379997253418,11.494949975013732,22.430215413035086,-2.076186460066139,-2.1887068001858685,0.11252034011972967,12.301895013296402,7.0875,1.8731049867035985,7.070900485437137,7.518308566797924,KZR
2022-05-26,5.0,5.210000038146973,4.989999771118164,4.989999771118164,4.989999771118164,962600,5.207999992370605,5.582999992370605,6.7319999694824215,12.048199920654296,12.925599966049194,11.49064997434616,22.317024623032967,-2.0090356387005075,-2.152772567888796,0.14373692918828862,11.479553412581666,6.7319999694824215,1.9844465263831772,3.6795645732241677,6.170184376539285,KZR
2022-05-27,5.0,5.320000171661377,4.989999771118164,5.239999771118164,5.239999771118164,726400,5.147999954223633,5.531999969482422,6.399999952316284,11.846799907684327,12.824799966812133,11.48759997367859,25.68266844776266,-1.913586583343383,-2.1049353709797134,0.19134878763633045,10.552493115390181,6.399999952316284,2.2475067892423857,8.662901000074006,6.471122019578388,KZR
2022-05-31,5.21999979019165,5.289999961853027,5.0,5.050000190734863,5.050000190734863,1483500,5.0559999465942385,5.434999990463257,6.025499963760376,11.635999908447266,12.729799966812134,11.483499975204468,24.80314705491928,-1.8321539670873994,-2.0503790902012504,0.218225123113851,9.108806362984051,6.025499963760376,2.942193564536701,9.22787670876763,7.190114094021887,KZR
2022-06-01,5.079999923706055,5.239999771118164,4.820000171661377,4.860000133514404,4.860000133514404,741000,5.031999969482422,5.257999992370605,5.652499985694885,11.437399911880494,12.635399966239929,11.47949997663498,23.920940488370906,-1.7626309364988746,-1.9928294594607752,0.23019852296190058,6.791708050507622,5.652499985694885,4.513291920882149,8.807153589867818,8.899310432903102,KZR
2022-06-02,4.820000171661377,4.96999979019165,4.710000038146973,4.920000076293945,4.920000076293945,1148600,5.011999988555909,5.159999990463257,5.550499987602234,11.215199899673461,12.548399968147278,11.475849976539612,24.830201712052062,-1.6832880431778854,-1.9309211762041971,0.24763313302631174,6.561231882079105,5.550499987602234,4.539768093125363,6.486702156548799,8.173910818394699,KZR
2022-06-03,4.920000076293945,5.139999866485596,4.829999923706055,5.039999961853027,5.039999961853027,1236200,5.022000026702881,5.115000009536743,5.479999995231628,10.964999914169312,12.46079996585846,11.472199976444244,26.716644171994332,-1.5923693975037043,-1.8632108204640985,0.27084142296039415,6.42445753066637,5.479999995231628,4.535542459796886,9.754445850524547,8.349433865647006,KZR
2022-06-06,5.099999904632568,5.28000020980835,4.989999771118164,5.099999904632568,5.099999904632568,620200,4.994000053405761,5.071000003814698,5.41949999332428,10.700399913787841,12.364999961853027,11.469999976158142,27.693725804900136,-1.4982038603292258,-1.790209428437124,0.29200556810789813,6.296117963994201,5.41949999332428,4.542882022654359,15.577888363542712,10.60634545687197,KZR
2022-06-07,5.010000228881836,5.440000057220459,5.010000228881836,5.440000057220459,5.440000057220459,642700,5.072000026702881,5.063999986648559,5.405999994277954,10.447999925613404,12.280899958610535,11.469949977397919,33.134266615933655,-1.3802313747544126,-1.7082138177005817,0.3279824429461691,6.272565665141977,5.405999994277954,4.53943432341393,24.288106801312182,16.540147005126432,KZR
2022-06-08,5.429999828338623,5.519999980926514,5.21999979019165,5.28000020980835,5.28000020980835,477200,5.15600004196167,5.094000005722046,5.392000007629394,10.208999938964844,12.200499963760375,11.465499978065491,31.91719550899813,-1.2848371773055458,-1.6235384896215745,0.33870131231602874,6.257207529397986,5.392000007629394,4.526792485860803,32.73106032370116,24.199018496185303,KZR
2022-06-09,5.25,5.25,4.909999847412109,4.929999828338623,4.929999828338623,484900,5.1579999923706055,5.084999990463257,5.360500001907349,9.957799940109252,12.107799963951111,11.460099976062775,29.37531702573707,-1.22337637295652,-1.5435060662885636,0.32012969333204366,6.244614865357692,5.360500001907349,4.476385138457006,32.52023237524617,29.846466500086454,KZR
2022-06-10,4.789999961853027,4.840000152587891,4.5,4.579999923706055,4.579999923706055,752500,5.065999984741211,5.0440000057220455,5.313499999046326,9.711399946212769,12.021799960136413,11.450799975395203,27.054929316920113,-1.189201930340861,-1.472645239099023,0.28344330875816204,6.256670777034654,5.313499999046326,4.370329221057998,22.238895279981293,29.16339599297616,KZR
2022-06-13,4.389999866485596,4.610000133514404,4.309999942779541,4.590000152587891,4.590000152587891,1429400,4.964000034332275,4.979000043869019,5.25550000667572,9.470799932479858,11.940499958992005,11.440449976921082,27.23179612854894,-1.1480771843312851,-1.4077316281454755,0.25965444381419034,6.226426922251617,5.25550000667572,4.284573091099823,15.981808368081,23.58031200776944,KZR
2022-06-14,4.630000114440918,4.820000171661377,4.510000228881836,4.71999979019165,4.71999979019165,1245300,4.8199999809265135,4.946000003814698,5.190499997138977,9.225799942016602,11.864499959945679,11.429349975585938,29.62077209368251,-1.0924030995937821,-1.3446659224351367,0.2522628228413546,6.121230422490827,5.190499997138977,4.2597695717871265,20.95473576562844,19.7251464712302,KZR
2022-06-15,4.739999771118164,4.820000171661377,4.539999961853027,4.78000020980835,4.78000020980835,765100,4.719999980926514,4.938000011444092,5.098000001907349,8.978799962997437,11.789299960136413,11.416099977493285,30.75078091736238,-1.031548406002739,-1.2820424191486572,0.25049401314591835,5.769791655429072,5.098000001907349,4.426208348385626,31.955930790044377,22.964158307917895,KZR
2022-06-16,4.670000076293945,4.860000133514404,4.429999828338623,4.800000190734863,4.800000190734863,1084300,4.6940000534057615,4.926000022888184,5.043000006675721,8.744599962234497,11.711099963188172,11.401999979019164,31.147621665997377,-0.9705192497990636,-1.2197377852787386,0.24921853547967499,5.6159956221469844,5.043000006675721,4.470004391204457,37.74105562548302,30.2172407270519,KZR
2022-06-17,4.869999885559082,5.389999866485596,4.760000228881836,5.289999961853027,5.289999961853027,3616100,4.836000061035156,4.951000022888183,5.033000016212464,8.519399976730346,11.637099967002868,11.388649978637694,40.19078656241184,-0.8725560345668253,-1.1503014351363559,0.27774540056953056,5.580872276690599,5.033000016212464,4.485127755734329,53.44353919824639,41.04684187125789,KZR
2022-06-21,5.409999847412109,5.960000038146973,5.400000095367432,5.809999942779541,5.809999942779541,913100,5.080000019073486,5.022000026702881,5.046500015258789,8.303999977111816,11.569399967193604,11.376749980449677,47.996712662684736,-0.744379089287408,-1.0691169659665662,0.3247378766791582,5.6537651979472,5.046500015258789,4.439234832570378,70.79890239963301,53.9944990744541,KZR
2022-06-22,5.650000095367432,5.920000076293945,5.329999923706055,5.71999979019165,5.71999979019165,696000,5.280000019073486,5.05,5.05699999332428,8.091199960708618,11.503099961280823,11.363149981498719,46.85684613836209,-0.642652103428353,-0.9838239934589236,0.3411718900305706,5.702045653498243,5.05699999332428,4.411954333150317,85.7851171608249,70.00918625290139,KZR
2022-06-23,5.699999809265137,5.920000076293945,5.599999904632568,5.920000076293945,5.920000076293945,788800,5.507999992370605,5.11399998664856,5.103999996185303,7.894999971389771,11.436899962425231,11.353449981212616,49.7147970689699,-0.5396733640100688,-0.8949938675691527,0.35532050355908384,5.848993910299853,5.103999996185303,4.359006082070753,91.31312565005192,82.63238173683656,KZR
2022-06-24,5.980000019073486,6.150000095367432,5.760000228881836,6.039999961853027,6.039999961853027,2678000,5.755999946594239,5.225,5.154999995231629,7.7185999774932865,11.365499958992004,11.344649980068207,51.403477739494775,-0.4432692512131382,-0.8046489442979498,0.36137969308481155,6.002596549666644,5.154999995231629,4.307403440796613,92.35067455515087,89.81630578867585,KZR
2022-06-27,5.920000076293945,6.099999904632568,5.679999828338623,5.78000020980835,5.78000020980835,12465600,5.853999996185303,5.3450000286102295,5.1945000171661375,7.525399990081787,11.293099956512451,11.33409998178482,47.668280047467775,-0.3834281829317776,-0.7204047920247153,0.3369766090929377,6.080422672374553,5.1945000171661375,4.308577361957722,90.49626821093851,91.38668947204707,KZR
2022-06-28,11.010000228881836,11.020000457763672,7.829999923706055,8.289999961853027,8.289999961853027,48660900,6.35,5.715000009536743,5.347000026702881,7.391399993896484,11.250099954605103,11.33769998073578,70.18902341475533,-0.13194670268575948,-0.6027131741569242,0.4707664714711647,6.961882027149372,5.347000026702881,3.732118026256391,77.74249879090496,86.86314718566474,KZR
2022-06-29,8.050000190734863,8.430000305175781,7.690000057220459,7.929999828338623,7.929999828338623,10559100,6.792000007629395,6.03600001335144,5.491000008583069,7.258799982070923,11.206099953651428,11.339149980545043,65.8142901246242,0.03786865383844251,-0.4745968085578508,0.5124654623962933,7.451009118454023,5.491000008583069,3.530990898712116,64.38502917194168,77.54126539126169,KZR
2022-06-30,7.829999923706055,8.460000038146973,7.559999942779541,8.270000457763672,8.270000457763672,4435200,7.26200008392334,6.3850000381469725,5.661500024795532,7.131799993515014,11.160699954032898,11.335649981498719,67.85224592675628,0.19760587905981808,-0.340156271034317,0.5377621500941351,7.939721089465335,5.661500024795532,3.3832789601257285,57.426723956289976,66.5180839730455,KZR
2022-07-01,8.210000038146973,9.5,8.100000381469727,9.289999961853027,9.289999961853027,3719300,7.91200008392334,6.834000015258789,5.880000019073487,7.019399995803833,11.11229995250702,11.336649980545044,73.04396408318568,0.40187168969839693,-0.19175067888777422,0.5936223685861711,8.622728615458294,5.880000019073487,3.1372714226886784,62.39443346076714,61.402062196332906,KZR
2022-07-05,9.09000015258789,9.550000190734863,8.6899995803833,9.539999961853027,9.539999961853027,1978400,8.664000034332275,7.259000015258789,6.105000019073486,6.931400003433228,11.065299954414368,11.340049982070923,74.14604185558022,0.577272291313256,-0.03794608484756817,0.6152183761608241,9.244754794598192,6.105000019073486,2.96524524354878,70.25856712760807,63.359908181555035,KZR
2022-07-06,9.579999923706055,10.140000343322754,9.4399995803833,9.84000015258789,9.84000015258789,2043300,8.974000072479248,7.662000036239624,6.342000031471253,6.85619999885559,11.016899952888489,11.340599985122681,75.44348732587378,0.7320474526221146,0.11605262264636837,0.6159948299757462,9.837915388053743,6.342000031471253,2.846084674888763,77.95112793881289,70.20137617572935,KZR
2022-07-07,9.760000228881836,10.40999984741211,9.75,10.25,10.25,1583300,9.438000106811524,8.11500005722046,6.582500028610229,6.782400007247925,10.971899952888489,11.348649983406068,77.13248080445645,0.8776741628129594,0.2683769306796866,0.6092972321332728,10.440198195391602,6.582500028610229,2.724801861828857,82.6504758156635,76.95339029402813,KZR
2022-07-08,10.229999542236328,10.569999694824219,10.029999732971191,10.350000381469727,10.350000381469727,1036800,9.854000091552734,8.558000087738037,6.8360000371932985,6.734600019454956,10.929199957847596,11.355149984359741,77.53827610247079,0.9897444173211731,0.4126504280079839,0.5770939893131892,10.974151406433597,6.8360000371932985,2.697848667953,86.56894223552804,82.39018199666812,KZR
2022-07-11,10.270000457763672,10.350000381469727,9.859999656677246,10.020000457763672,10.020000457763672,883900,10.000000190734863,8.956000137329102,7.090500068664551,6.688200025558472,10.887499966621398,11.358799986839294,72.93845058846063,1.0399448288787356,0.5381093081821342,0.5018355206966014,11.352684962246427,7.090500068664551,2.8283151750826754,86.67935229718887,85.2995901161268,KZR
2022-07-12,9.90999984741211,10.130000114440918,9.460000038146973,10.119999885559082,10.119999885559082,761400,10.116000175476074,9.390000104904175,7.367500066757202,6.648600015640259,10.836399970054627,11.362649984359741,73.45239822114628,1.0754015748647374,0.6455677615186548,0.4298338133460826,11.661024924476058,7.367500066757202,3.0739752090383465,85.30173373651564,86.18334275641082,KZR
2022-07-13,9.960000038146973,10.380000114440918,9.899999618530273,10.199999809265137,10.199999809265137,778100,10.188000106811524,9.581000089645386,7.648000049591064,6.615000009536743,10.785299963951111,11.369049983024597,73.87978366076693,1.0973075483988133,0.7359157188946865,0.36139182950412674,11.911958837617746,7.648000049591064,3.3840412615643833,83.82630524129756,85.26913042500068,KZR
2022-07-14,10.130000114440918,10.270000457763672,10.0,10.09000015258789,10.09000015258789,1037000,10.156000137329102,9.797000122070312,7.916500067710876,6.566000013351441,10.74199996471405,11.374649982452393,72.15959935391166,1.093190517462384,0.807370678608226,0.28581983885415796,12.084354588188685,7.916500067710876,3.7486455472330675,83.87929083934716,84.33577660572011,KZR
2022-07-15,10.289999961853027,10.289999961853027,9.8100004196167,10.270000457763672,10.270000457763672,1224200,10.140000152587891,9.997000122070313,8.191000080108642,6.525000028610229,10.701399970054627,11.381649985313416,73.25690503551179,1.0918659105323378,0.8642697249930483,0.2275961855392895,12.21714921074365,8.191000080108642,4.164850949473636,84.47005404120551,84.05855004061674,KZR
2022-07-18,10.380000114440918,10.479999542236328,9.630000114440918,9.710000038146973,9.710000038146973,975100,10.07800006866455,10.039000129699707,8.436500072479248,6.58000002861023,10.65829996585846,11.38774998664856,64.71148686009933,1.0337127985746193,0.8981583397093625,0.13555445886525674,12.19555473577621,8.436500072479248,4.677445409182287,76.892681889119,81.7473422565572,KZR
2022-07-19,9.880000114440918,10.680000305175781,9.5600004196167,10.260000228881836,10.260000228881836,784000,10.1060001373291,10.111000156402588,8.685000085830689,6.656200037002564,10.630499968528747,11.395849986076355,68.58719164591298,1.020245699879192,0.9225758117433285,0.09766988813586353,12.230196964701848,8.685000085830689,5.139803206959529,78.21074677442796,79.8578275682508,KZR
2022-07-20,10.260000228881836,10.630000114440918,10.09000015258789,10.430000305175781,10.430000305175781,435200,10.152000236511231,10.170000171661377,8.9160001039505,6.7386000442504885,10.596999974250794,11.40484998703003,69.69509337207384,1.0116290822024716,0.9403864658351571,0.07124261636731455,12.279161840332875,8.9160001039505,5.552838367568125,80.2214543019743,78.44162765517372,KZR
2022-07-21,10.399999618530273,10.640000343322754,10.220000267028809,10.359999656677246,10.359999656677246,478300,10.206000137329102,10.181000137329102,9.14800009727478,6.831600036621094,10.556499972343445,11.4144499874115,68.62185897394781,0.9877655370518532,0.9498622800784963,0.03790325697335695,12.225288549468097,9.14800009727478,6.070711645081464,88.70750493235114,82.37990200291777,KZR
2022-07-22,10.460000038146973,10.489999771118164,9.819999694824219,9.890000343322754,9.890000343322754,348000,10.130000114440918,10.135000133514405,9.34650011062622,6.918200044631958,10.506899971961975,11.420449991226196,61.74665398751657,0.9203196172838943,0.9439537475195758,-0.023634130235681505,12.05541340616317,9.34650011062622,6.63758681508927,79.96185935127063,82.96360619519866,KZR
2022-07-25,9.930000305175781,9.930000305175781,9.720000267028809,9.720000267028809,9.720000267028809,511600,10.132000160217284,10.105000114440918,9.530500125885009,7.001400051116943,10.45839997768402,11.426399993896485,59.42740942351655,0.8434281399575276,0.9238486260071662,-0.08042048604963858,11.776407302701324,9.530500125885009,7.284592949068694,56.826361657737095,75.16524198045293,KZR
2022-07-26,9.720000267028809,9.970000267028809,9.470000267028809,9.699999809265137,9.699999809265137,683000,10.020000076293945,10.063000106811524,9.726500105857848,7.085000047683716,10.413299975395203,11.43154999256134,59.145938492855045,0.7719783347097682,0.8934745677476866,-0.12149623303791846,11.169736463046986,9.726500105857848,8.28326374866871,34.184773110588246,56.9909980398653,KZR
2022-07-27,9.829999923706055,10.0,9.390000343322754,9.9399995803833,9.9399995803833,715400,9.92199993133545,10.03700008392334,9.809000086784362,7.168800039291382,10.374599967002869,11.439699988365174,61.5022754061172,0.7263469495511803,0.8600490441083853,-0.13370209455720505,11.094346758962892,9.809000086784362,8.523653414605832,28.296132150398524,39.76908897290793,KZR
2022-07-28,10.050000190734863,10.050000190734863,9.6899995803833,9.819999694824219,9.819999694824219,592500,9.813999938964844,10.010000038146973,9.903500080108643,7.244800033569336,10.339799962043763,11.446349987983703,59.649744658414164,0.6727457657549678,0.8225883884377019,-0.14984262268273407,10.857591730189942,9.903500080108643,8.949408430027344,31.880331053914677,31.45374543830046,KZR
2022-07-29,9.819999694824219,9.859999656677246,9.520000457763672,9.770000457763672,9.770000457763672,665300,9.789999961853027,9.960000038146973,9.978500080108642,7.307600040435791,10.303399968147279,11.452399988174438,58.854282471998374,0.6190953747445,0.7818897856990615,-0.16279441095456149,10.57657290456058,9.978500080108642,9.380427255656704,35.142086388110016,31.77284986414105,KZR
2022-08-01,9.640000343322754,9.960000038146973,9.289999961853027,9.350000381469727,9.350000381469727,679000,9.715999984741211,9.924000072479249,9.981500101089477,7.3766000461578365,10.256499972343445,11.455349988937378,52.51858225768444,0.5365020950775872,0.7328122475747667,-0.19631015249717954,10.566180350896646,9.981500101089477,9.396819851282308,22.369078005358187,29.797165149127608,KZR
2022-08-02,9.329999923706055,9.890000343322754,9.329999923706055,9.699999809265137,9.699999809265137,457800,9.715999984741211,9.868000030517578,9.989500093460084,7.4608000469207765,10.209099974632263,11.459999985694886,56.701611771861415,0.4935984588655078,0.684969489832915,-0.19137103096740715,10.55382181311392,9.989500093460084,9.425178373806247,21.090111527645195,26.20042530703778,KZR
2022-08-03,9.779999732971191,10.109999656677246,9.65999984741211,9.890000343322754,9.890000343322754,581600,9.706000137329102,9.814000034332276,9.992000102996826,7.547800054550171,10.163499979972839,11.465749988555908,58.82241461963822,0.46951618296758646,0.6418788284598492,-0.17236264549226277,10.554089060968511,9.992000102996826,9.429911145025141,25.65948163582782,23.039557056277047,KZR
2022-08-04,10.0,10.40999984741211,9.8100004196167,10.0,10.0,1309900,9.742000198364257,9.77800006866455,9.979500102996827,7.6376000499725345,10.121199984550476,11.474199986457824,60.04265769897136,0.454072592606229,0.6043175812891252,-0.15024498868289615,10.529062662650732,9.979500102996827,9.429937543342922,41.2469986138565,29.33219725910982,KZR
2022-08-05,9.8100004196167,10.470000267028809,9.449999809265137,10.369999885559082,10.369999885559082,2049000,9.86200008392334,9.826000022888184,9.980500078201294,7.745400047302246,10.083799986839294,11.482049984931946,63.916074224548844,0.46631395749470883,0.5767168565302419,-0.11040289903553302,10.532821480953652,9.980500078201294,9.428178675448935,57.31414275792029,41.40687433586819,KZR
2022-08-08,10.5600004196167,10.8100004196167,10.319999694824219,10.489999771118164,10.489999771118164,831400,10.089999961853028,9.902999973297119,10.004000043869018,7.854800043106079,10.048699984550476,11.490949983596801,65.09779375445196,0.4801632917112535,0.5574061435664441,-0.07724285185519064,10.59936200924144,10.004000043869018,9.408638078496596,69.24142532084977,55.934188897542164,KZR
2022-08-09,10.34000015258789,10.550000190734863,9.6899995803833,10.050000190734863,10.050000190734863,950800,10.160000038146972,9.938000011444093,10.000500059127807,7.956000051498413,10.002099986076354,11.497849984169006,57.643491104045985,0.45044228171687273,0.5360133711965298,-0.08557108947965708,10.593912967891402,10.000500059127807,9.407087150364212,68.88171638126445,65.14576148667815,KZR
2022-08-10,10.229999542236328,10.4399995803833,9.819999694824219,10.039999961853027,10.039999961853027,915000,10.189999961853028,9.948000049591064,9.992500066757202,8.05200005531311,9.949399981498718,11.505099983215333,57.4823828188083,0.42122560569404044,0.513055818096032,-0.09183021240199152,10.579215414415374,9.992500066757202,9.40578471909903,59.4298075000607,65.85098306739162,KZR
2022-08-11,10.109999656677246,10.359999656677246,9.640000343322754,9.760000228881836,9.760000228881836,847800,10.142000007629395,9.942000102996825,9.9760000705719,8.146200056076049,9.891099982261657,11.509649982452393,53.014567783455504,0.371198594718976,0.48468437342062076,-0.11348577870164478,10.56934304158968,9.9760000705719,9.38265709955412,43.4210504301154,57.24419143714683,KZR
2022-08-12,10.300000190734863,10.680000305175781,10.130000114440918,10.350000381469727,10.350000381469727,1071500,10.138000106811523,10.000000095367431,9.980000066757203,8.256000061035156,9.846699986457825,11.519299983978271,60.0591730793144,0.37483899892251316,0.46271529852099924,-0.08787629959848609,10.582229161333936,9.980000066757203,9.37777097218047,50.00000000000005,50.95028597672536,KZR
2022-08-15,10.1899995803833,10.779999732971191,10.1899995803833,10.75,10.75,844100,10.19000015258789,10.140000057220458,10.032000064849854,8.372600059509278,9.79389997959137,11.533299984931945,64.0000058455379,0.405328299432858,0.451237898703371,-0.045909599270513024,10.707176974627675,10.032000064849854,9.356823155072032,65.57017158603524,52.997074005383546,KZR
2022-08-16,10.720000267028809,10.720000267028809,10.479999542236328,10.680000305175781,10.680000305175781,814300,10.316000175476074,10.238000106811523,10.05300006866455,8.485400066375732,9.725199990272522,11.546999986171722,62.83166179212313,0.4190127808788269,0.44479287513846216,-0.02578009425963529,10.779418616190048,10.05300006866455,9.326581521139053,85.7456057795993,67.10525912187818,KZR
2022-08-17,10.539999961853027,10.640000343322754,9.850000381469727,9.90999984741211,9.90999984741211,486100,10.29000015258789,10.24000005722046,10.027000045776367,8.581600065231322,9.640999989509583,11.556549985408783,51.6598544619017,0.36353462833393557,0.4285412257775568,-0.06500659744362125,10.734561971276946,10.027000045776367,9.319438120275787,76.09647416672738,75.80408384412061,KZR
2022-08-18,9.850000381469727,9.979999542236328,9.65999984741211,9.949999809265137,9.949999809265137,626900,10.32800006866455,10.235000038146973,10.006500053405762,8.671800060272217,9.55989999294281,11.566099984645843,52.13596465419401,0.31911687468352135,0.40665635555874974,-0.08753948087522839,10.697854476825263,10.006500053405762,9.315145629986262,58.55261561833637,73.46489852155432,KZR
2022-08-19,9.970000267028809,10.149999618530273,9.789999961853027,10.130000114440918,10.130000114440918,459400,10.284000015258789,10.211000061035156,10.01850004196167,8.768800058364867,9.488899998664856,11.577249984741211,54.316471781556764,0.2950389795049553,0.38433288034799085,-0.08929390084303557,10.70968088400358,10.01850004196167,9.327319199919758,46.08817740554898,60.245755730204216,KZR
2022-08-22,10.109999656677246,10.229999542236328,9.850000381469727,9.9399995803833,9.9399995803833,691800,10.121999931335449,10.15600004196167,10.029500007629395,8.869000053405761,9.413399996757507,11.584599981307983,51.642120041930774,0.2576555263831928,0.35899740955503123,-0.10134188317183845,10.708218653898596,10.029500007629395,9.350781361360193,44.5014857037394,49.714092909208226,KZR
2022-08-23,9.890000343322754,10.149999618530273,9.800000190734863,10.050000190734863,10.050000190734863,906800,9.995999908447265,10.15600004196167,10.04700002670288,8.978400058746338,9.344900002479553,11.592349982261657,53.082402581172225,0.2342052283086229,0.33403897330574955,-0.09983374499712666,10.708667596922472,10.04700002670288,9.385332456483289,44.733694301201545,45.10778580349662,KZR
2022-08-24,10.069999694824219,10.779999732971191,10.050000190734863,10.600000381469727,10.600000381469727,1168000,10.134000015258788,10.21200008392334,10.080000066757203,9.098600063323975,9.284699997901917,11.602649984359742,59.56681751509538,0.2570381412910585,0.3186388069028113,-0.061600665611752814,10.781655268603417,10.080000066757203,9.378344864910988,54.901953909502026,48.0457113048143,KZR
2022-08-25,10.630000114440918,10.729999542236328,9.880000114440918,9.970000267028809,9.970000267028809,687500,10.138000106811523,10.233000087738038,10.087500095367432,9.203600072860718,9.21470000743866,11.6119499874115,50.89052073014817,0.2217415467060455,0.29925935486345817,-0.07751780815741266,10.781038106631614,10.087500095367432,9.393962084103249,52.29386760265376,50.64317193778575,KZR
2022-08-26,9.890000343322754,9.90999984741211,9.600000381469727,9.6899995803833,9.6899995803833,486100,10.05,10.167000007629394,10.083500051498413,9.301800060272218,9.140300011634826,11.621599984169006,47.573856469281075,0.16922431330497112,0.2732523465517608,-0.10402803324678966,10.785191650116527,10.083500051498413,9.3818084528803,40.13033414879674,49.10871855365082,KZR
2022-08-29,9.529999732971191,9.979999542236328,9.529999732971191,9.880000114440918,9.880000114440918,471100,10.038000106811523,10.080000019073486,10.110000038146973,9.403400058746337,9.074000010490417,11.63379998445511,49.95719990082674,0.14130658827675902,0.24686319489676042,-0.10555660662000141,10.734692117568349,10.110000038146973,9.485307958725597,21.277401769889845,37.90053450711343,KZR
2022-08-30,9.920000076293945,10.0,9.649999618530273,9.84000015258789,9.84000015258789,509100,9.99600009918213,9.996000003814697,10.11700005531311,9.494400062561034,9.006900019645691,11.644299986362457,49.44754885227061,0.11463251514926576,0.2204170589472615,-0.10578454379799573,10.726101149741908,10.11700005531311,9.507898960884312,20.14237301131362,27.18336964333338,KZR
2022-08-31,9.829999923706055,10.329999923706055,9.800000190734863,10.279999732971191,10.279999732971191,1489500,9.931999969482423,10.032999992370605,10.136500024795533,9.583800058364869,8.943900017738342,11.654749987125397,54.89817413379111,0.127527352984238,0.2018391177546568,-0.07431176477041879,10.740231051933913,10.136500024795533,9.532768997657152,37.60002136230475,26.339932047836047,KZR
2022-09-01,10.229999542236328,10.279999732971191,9.800000190734863,10.100000381469727,10.100000381469727,655200,9.957999992370606,10.048000049591064,10.14150004386902,9.67140007019043,8.881300015449524,11.663199989795684,52.40868227781716,0.12181792036497718,0.18583487827672088,-0.0640169579117437,10.742275497599739,10.14150004386902,9.5407245901383,43.46669514973965,33.73636317445265,KZR
2022-09-02,10.279999732971191,10.539999961853027,9.829999923706055,9.850000381469727,9.850000381469727,590600,9.990000152587891,10.020000076293945,10.11550006866455,9.750000076293945,8.822500023841858,11.654499990940094,49.079721697693195,0.09601345981866061,0.16787059458510883,-0.07185713476644823,10.719469543115194,10.11550006866455,9.511530594213907,43.73336791992194,41.60002814398876,KZR
2022-09-06,9.779999732971191,9.779999732971191,9.329999923706055,9.430000305175781,9.430000305175781,856500,9.900000190734863,9.969000148773194,10.062500095367431,9.8178000831604,8.768200030326843,11.637649991512298,44.020805959579754,0.04119783980230274,0.1425360436285476,-0.10133820382624487,10.710169082668267,10.062500095367431,9.414831108066595,26.03222756644854,37.74409687870335,KZR
2022-09-07,9.430000305175781,9.819999694824219,9.40999984741211,9.670000076293945,9.670000076293945,653500,9.866000175476074,9.931000137329102,10.043500089645386,9.895600080490112,8.71050003528595,11.61964998960495,47.359824456431184,0.016926918798315427,0.11741421866250117,-0.10048729986418574,10.713433757789362,10.043500089645386,9.37356642150141,18.648306763084236,29.471300749818216,KZR
2022-09-08,9.579999923706055,9.779999732971191,9.390000343322754,9.579999923706055,9.579999923706055,1025900,9.726000213623047,9.829000091552734,10.020500087738037,9.921400079727173,8.656400036811828,11.597699987888337,46.24583292112185,-0.009461158762228195,0.0920391431775553,-0.10150030193978349,10.72025658106138,10.020500087738037,9.320743594414695,15.862083329222736,20.180872552918483,KZR
2022-09-09,9.649999618530273,10.0600004196167,9.649999618530273,9.789999961853027,9.789999961853027,581900,9.664000129699707,9.811000061035156,10.022000074386597,9.95860008239746,8.608700032234191,11.574699985980988,49.24572249129955,-0.013275619235120217,0.07097619069502019,-0.0842518099301404,10.719641942698857,10.022000074386597,9.324358206074336,24.13793859432779,19.5494428955449,KZR
2022-09-12,9.789999961853027,10.140000343322754,9.699999809265137,9.779999732971191,9.779999732971191,843500,9.65,9.820000076293946,9.99350004196167,9.988800067901611,8.560300030708312,11.557749984264374,49.105183859067346,-0.01691060659066501,0.05339883123788315,-0.07030943782854816,10.681723233803538,9.99350004196167,9.305276850119803,26.666666666666732,22.222229530072397,KZR
2022-09-13,9.529999732971191,9.630000114440918,9.220000267028809,9.399999618530273,9.399999618530273,646600,9.6439998626709,9.77200002670288,9.926000022888184,9.991000061035157,8.505200028419495,11.538549983501435,43.97014666085671,-0.049879217134135345,0.03274322156347945,-0.08262243869761479,10.567417410171647,9.926000022888184,9.284582635604721,24.76568077995398,25.19009534698281,KZR
2022-09-14,9.40999984741211,10.449999809265137,9.40999984741211,10.390000343322754,10.390000343322754,1497400,9.78799991607666,9.827000045776368,9.911500024795533,10.00800006866455,8.46970003604889,11.522049987316132,56.680014250035825,0.0038335158096600708,0.02696128041271557,-0.0231277646030555,10.49453624945526,9.911500024795533,9.328463800135806,40.01879451928094,30.483713988633856,KZR
2022-09-15,10.109999656677246,10.510000228881836,9.539999961853027,9.829999923706055,9.829999923706055,1363600,9.83799991607666,9.782000064849854,9.90750002861023,10.007800064086915,8.432000031471253,11.505149986743927,49.798620955300215,0.001200056399509819,0.02180903561007442,-0.0206089792105646,10.491619230979662,9.90750002861023,9.323380826240797,45.07800525260296,36.6208268506126,KZR
2022-09-16,9.760000228881836,9.84000015258789,9.020000457763672,9.180000305175781,9.180000305175781,5773500,9.715999984741211,9.690000057220459,9.869000053405761,9.98640007019043,8.384400038719177,11.481749989986419,43.23699638247463,-0.052728692552731715,0.006901489977513192,-0.05963018253024491,10.532894753988685,9.869000053405761,9.205105352822837,44.7406336749092,43.27914448226434,KZR
2022-09-19,9.050000190734863,9.460000038146973,8.609999656677246,8.65999984741211,8.65999984741211,1061500,9.492000007629395,9.571000003814698,9.795500040054321,9.952600059509278,8.343600039482117,11.454499990940095,38.829142683461576,-0.13586118260697155,-0.021651044539383758,-0.1142101380675878,10.630879749442737,9.795500040054321,8.960120330665905,19.77636603999076,36.531668322500956,KZR
2022-09-20,8.550000190734863,8.899999618530273,8.359999656677246,8.460000038146973,8.460000038146973,1017600,9.304000091552734,9.473999977111816,9.721500062942505,9.921400051116944,8.304800038337708,11.422799990177154,37.255964187519545,-0.21539960053834406,-0.06040075573917582,-0.15499884479916826,10.735645663926622,9.721500062942505,8.707354461958388,5.901388350986764,23.47279602196222,KZR
2022-09-21,8.420000076293945,8.520000457763672,8.029999732971191,8.050000190734863,8.050000190734863,968400,8.836000061035156,9.311999988555907,9.621500062942506,9.880000057220458,8.26430003643036,11.394399993419647,34.197177062133285,-0.30796786907542106,-0.10991417840642487,-0.1980536906689962,10.856688792554927,9.621500062942506,8.386311333330084,2.658228927273535,9.445327772750332,KZR
2022-09-22,8.050000190734863,8.109999656677246,7.809999942779541,8.010000228881836,8.010000228881836,795000,8.472000122070312,9.155000019073487,9.49200005531311,9.836200065612793,8.225600037574768,11.36724999666214,33.904711947605584,-0.3801741405947343,-0.16396617084408677,-0.21620796975064754,10.828601700614186,9.49200005531311,8.155398410012033,4.236673829486938,4.265430369249059,KZR
2022-09-23,7.880000114440918,8.039999961853027,7.71999979019165,8.020000457763672,8.020000457763672,1300000,8.240000152587891,8.978000068664551,9.394500064849854,9.794800071716308,8.180400042533874,11.334049999713898,34.056553453309405,-0.43161579785040693,-0.2174960962453508,-0.21411970160505614,10.856053583615834,9.394500064849854,7.932946546083875,6.291853025778565,4.3955852608463255,KZR
2022-09-26,8.020000457763672,8.289999961853027,7.960000038146973,7.989999771118164,7.989999771118164,791000,8.1060001373291,8.799000072479249,9.309500074386596,9.749200057983398,8.137100043296813,11.300199997425079,33.80564507260926,-0.4693936091893889,-0.2678755988341584,-0.20151801035523048,10.885665965714232,9.309500074386596,7.73333418305896,9.252048437651139,6.59352509763886,KZR
2022-09-27,8.140000343322754,8.460000038146973,8.0,8.40999984741211,8.40999984741211,2009900,8.09600009918213,8.700000095367432,9.236000061035156,9.723200054168702,8.151600041389464,11.272899997234344,40.42315814950218,-0.46013811501626023,-0.30632810207057876,-0.15381001294568147,10.835817544893555,9.236000061035156,7.636182577176759,15.053769505385558,10.199223656271734,KZR
2022-09-28,8.5600004196167,8.869999885559082,8.5600004196167,8.720000267028809,8.720000267028809,859600,8.230000114440918,8.533000087738037,9.180000066757202,9.69240005493164,8.174300045967103,11.248749997615814,44.80887600048914,-0.42291354206200715,-0.32964519006886445,-0.0932683519931427,10.769704416498458,9.180000066757202,7.590295717015946,23.416967823181807,15.907595255406148,KZR
2022-09-29,8.600000381469727,8.65999984741211,8.210000038146973,8.619999885559082,8.619999885559082,1456800,8.352000045776368,8.41200008392334,9.097000074386596,9.656200046539306,8.197400045394897,11.225299994945527,43.69153791815216,-0.3969067014650971,-0.343097492348111,-0.05380920911698611,10.62026108685506,9.097000074386596,7.573739061918133,30.94384972738541,23.13819568531757,KZR
2022-09-30,8.680000305175781,9.0,8.529999732971191,8.609999656677246,8.609999656677246,918200,8.469999885559082,8.355000019073486,9.022500038146973,9.621200046539307,8.2264000415802,11.206549994945526,43.574521676215724,-0.37280555741575405,-0.3490391053616396,-0.02376645205411443,10.486861690429498,9.022500038146973,7.5581383858644475,33.33333333333339,29.231383627966846,KZR
2022-10-03,8.510000228881836,8.90999984741211,8.470000267028809,8.800000190734863,8.800000190734863,717500,8.631999969482422,8.369000053405761,8.97000002861023,9.599400043487549,8.258800044059754,11.186549994945526,46.50597930148463,-0.3345176605586442,-0.34613481640104055,0.011617155842396365,10.386432136919696,8.97000002861023,7.553567920300763,34.28912677571259,32.85543661214377,KZR
2022-10-04,8.850000381469727,8.989999771118164,8.399999618530273,8.510000228881836,8.510000228881836,1220700,8.652000045776367,8.374000072479248,8.924000024795532,9.57520004272461,8.288300046920776,11.159949996471404,42.847026075667685,-0.3238417535898268,-0.3416762038387978,0.017834450248971012,10.337441154913144,8.924000024795532,7.510558894677922,32.974913640930346,33.53245791665875,KZR
2022-10-05,8.369999885559082,8.4399995803833,8.050000190734863,8.279999732971191,8.279999732971191,771200,8.563999938964844,8.39700002670288,8.854500007629394,9.54680004119873,8.315900044441223,11.128299996852874,40.149045587282075,-0.3301345526061059,-0.33936787359225945,0.009233320986153537,10.250973737626012,8.854500007629394,7.458026277632775,31.146732090696542,32.803590835779794,KZR
2022-10-06,8.1899995803833,8.239999771118164,7.739999771118164,7.769999980926514,7.769999980926514,721100,8.39399995803833,8.373000001907348,8.764000010490417,9.503400049209596,8.336100044250488,11.093449997901917,34.90116524947292,-0.3719863320257737,-0.3458915652789623,-0.026094766746811382,10.194851476080162,8.764000010490417,7.333148544900671,19.2013614511997,27.774335727608833,KZR
2022-10-07,7.699999809265137,7.880000114440918,7.619999885559082,7.670000076293945,7.670000076293945,903900,8.20600004196167,8.337999963760376,8.658000016212464,9.460400056838989,8.352600045204163,11.058299999237061,33.963736087317045,-0.40851422758707656,-0.35841609774058514,-0.050098129846491424,10.083210145490838,8.658000016212464,7.232789886934089,10.970620940825542,20.439571494240564,KZR
2022-10-10,7.760000228881836,7.849999904632568,7.559999942779541,7.650000095367432,7.650000095367432,616900,7.976000022888184,8.303999996185302,8.551500034332275,9.418000049591065,8.362800045013428,11.021549999713898,33.76838156996801,-0.43407295646158417,-0.37354746948478496,-0.060525486976799214,9.943366056347037,8.551500034332275,7.159634012317513,4.2489286817994305,11.473637024608195,KZR
2022-10-11,7.659999847412109,8.079999923706055,7.53000020980835,7.96999979019165,7.96999979019165,590500,7.867999935150147,8.259999990463257,8.480000042915345,9.390400037765502,8.38350004196167,10.982950000762939,39.740622350934544,-0.423623860050089,-0.38356274759784575,-0.04006111245224325,9.836643041665921,8.480000042915345,7.123357044164768,13.268386930193008,9.495978850939297,KZR
2022-10-12,7.940000057220459,8.079999923706055,7.46999979019165,7.829999923706055,7.829999923706055,708600,7.777999973297119,8.17099995613098,8.35200002193451,9.35300004005432,8.406900043487548,10.943200001716614,38.12105292544433,-0.42177770423309546,-0.3912057389248957,-0.030571965308199778,9.414931819397419,8.35200002193451,7.289068224471601,19.90379204281255,12.473702551601633,KZR
2022-10-13,7.699999809265137,8.34000015258789,7.599999904632568,8.319999694824219,8.319999694824219,618100,7.8879999160766605,8.140999937057495,8.276500010490418,9.32160002708435,8.43470004081726,10.903700003623962,46.36057395719339,-0.37643640150399627,-0.3882518714407158,0.011815469936719558,9.095237490642141,8.276500010490418,7.4577625303386945,36.33896916149603,23.170382711500498,KZR
2022-10-14,8.350000381469727,8.5,8.260000228881836,8.350000381469727,8.350000381469727,777400,8.023999977111817,8.115000009536743,8.235000014305115,9.288600034713745,8.46310004234314,10.86380000591278,46.82741265161962,-0.33422949813478553,-0.37744739677952976,0.043217898644744235,8.942997166191471,8.235000014305115,7.527002862418758,45.53377653211452,33.92551257880767,KZR
2022-10-17,8.369999885559082,8.449999809265137,8.100000381469727,8.210000038146973,8.210000038146973,795100,8.135999965667725,8.055999994277954,8.212500023841859,9.245400037765503,8.495400042533875,10.823100004196167,44.86507511148506,-0.30852064683554126,-0.36366204679073205,0.055141399955190795,8.893113715247743,8.212500023841859,7.531886332435974,53.81264499249897,45.228463562036474,KZR
2022-10-18,8.270000457763672,8.359999656677246,7.369999885559082,7.409999847412109,7.409999847412109,817300,8.023999977111817,7.945999956130981,8.160000014305115,9.183800039291382,8.519300041198731,10.776550006866454,35.66718768381115,-0.3486801586473405,-0.3606656691620537,0.011985510514713249,8.914161832578507,8.160000014305115,7.405838196031724,36.11212616362743,45.15284922941361,KZR
2022-10-19,7.429999828338623,7.53000020980835,7.090000152587891,7.380000114440918,7.380000114440918,1241200,7.934000015258789,7.855999994277954,8.126500010490417,9.130400037765503,8.543200044631957,10.734400005340577,35.37431443517513,-0.378563741658307,-0.3642452836613044,-0.014318457997002598,8.95325936099074,8.126500010490417,7.2997406599900945,22.001084384074264,37.308618513400184,KZR
2022-10-20,7.199999809265137,7.610000133514404,7.130000114440918,7.260000228881836,7.260000228881836,1836700,7.7220001220703125,7.8050000190734865,8.089000010490418,9.074800043106078,8.563400049209594,10.694100008010864,34.1658034516959,-0.407235329000291,-0.3728432927291017,-0.03439203627118931,8.99749104408528,8.089000010490418,7.180508976895557,8.861534913143961,22.324915153615184,KZR
2022-10-21,7.309999942779541,7.369999885559082,7.119999885559082,7.289999961853027,7.289999961853027,791400,7.5100000381469725,7.767000007629394,8.052499985694885,9.025400037765502,8.585800046920776,10.657800006866456,34.765814236383534,-0.4226648238146824,-0.38280759894621785,-0.03985722486846455,9.02551333543437,8.052499985694885,7.0794866359554005,11.552309128722863,14.138309475313662,KZR
2022-10-24,7.309999942779541,7.539999961853027,7.090000152587891,7.46999979019165,7.46999979019165,435200,7.361999988555908,7.748999977111817,8.02649998664856,8.967800025939942,8.611900043487548,10.62365000486374,38.39384535705121,-0.4155778055389474,-0.3893616402647638,-0.026216165274183634,9.03205009437935,8.02649998664856,7.02094987891777,15.4746713072364,11.96283844970104,KZR
2022-10-25,7.46999979019165,7.869999885559082,7.46999979019165,7.619999885559082,7.619999885559082,548800,7.403999996185303,7.71399998664856,7.986999988555908,8.905200023651123,8.6389000415802,10.59365000486374,41.32252136420778,-0.3933235493615381,-0.39015402208411865,-0.0031695272774194816,8.991252973393964,7.986999988555908,6.9827470037178525,25.021759100208897,17.349579845389353,KZR
2022-10-26,7.639999866485596,7.96999979019165,7.539999961853027,7.570000171661377,7.570000171661377,410900,7.442000007629394,7.688000011444092,7.929499983787537,8.843000020980835,8.664200043678283,10.562500004768372,40.62918181813725,-0.37539414008205707,-0.3872020456837063,0.011807905601649238,8.890030536748991,7.929499983787537,6.968969430826082,32.86050922155824,24.45231320966781,KZR
2022-10-27,7.679999828338623,7.679999828338623,7.210000038146973,7.300000190734863,7.300000190734863,569000,7.45,7.586000061035156,7.863499999046326,8.79080002784729,8.686200046539307,10.525600004196168,37.01721465193861,-0.378607346218117,-0.3854831057905884,0.00687575957247144,8.806416181032002,7.863499999046326,6.920583817060649,28.841605726194942,28.907958015987322,KZR
2022-10-28,7.369999885559082,7.670000076293945,7.25,7.650000095367432,7.650000095367432,464300,7.522000026702881,7.516000032424927,7.815500020980835,8.744800033569335,8.708300046920776,10.494600002765656,43.97080320512614,-0.3488899814683508,-0.3781644809261409,0.029274499457790093,8.697281756263926,7.815500020980835,6.9337182856977435,29.550830621110393,30.41764852295449,KZR
2022-10-31,7.599999904632568,7.610000133514404,7.420000076293945,7.519999980926514,7.519999980926514,476500,7.5320000648498535,7.447000026702881,7.7515000104904175,8.692600030899047,8.730700044631957,10.465600004196167,42.11109768239966,-0.33200157113298445,-0.3689318989675096,0.036930327834525156,8.516203195519122,7.7515000104904175,6.986796825461713,28.36879288716707,28.9204097448241,KZR
2022-11-01,7.610000133514404,7.679999828338623,7.480000019073486,7.510000228881836,7.510000228881836,305600,7.510000133514405,7.457000064849853,7.701500010490418,8.644000043869019,8.75650004863739,10.43215000629425,41.96407389536586,-0.31578411794350725,-0.3583023427627091,0.042518224819201866,8.38806455504281,7.701500010490418,7.0149354659380245,33.33333333333339,30.417652280536913,KZR
2022-11-02,7.460000038146973,7.679999828338623,7.340000152587891,7.360000133514404,7.360000133514404,384200,7.46800012588501,7.4550000667572025,7.655500030517578,8.590200042724609,8.784300050735474,10.403050005435944,39.72366474271272,-0.311445276266606,-0.34893092946348847,0.03748565319688246,8.303032986141734,7.655500030517578,7.007967074893422,26.477541531055575,29.393222583851976,KZR
2022-11-03,7.239999771118164,7.489999771118164,7.070000171661377,7.130000114440918,7.130000114440918,361900,7.43400011062622,7.442000055313111,7.623500037193298,8.520800037384033,8.809700050354003,10.375100004673005,36.50535873540534,-0.3228442448359603,-0.34371359253798284,0.020869347702022534,8.307467079497899,7.623500037193298,6.9395329948886975,17.76133421635289,25.857403026913914,KZR
2022-11-04,7.25,7.329999923706055,7.0,7.179999828338623,7.179999828338623,771700,7.340000057220459,7.43100004196167,7.599000024795532,8.465000028610229,8.834300050735473,10.349400005340577,37.687254684223014,-0.3241073428077348,-0.33979234259193325,0.01568499978419846,8.309152085168877,7.599000024795532,6.888847964422187,12.24401493623514,18.827630227881162,KZR
2022-11-07,7.199999809265137,7.340000152587891,6.96999979019165,7.059999942779541,7.059999942779541,444200,7.248000049591065,7.390000057220459,7.5695000171661375,8.412400035858154,8.857100048065185,10.3232000041008,35.95732845563379,-0.3309760589520687,-0.33802908586396035,0.0070530269118916356,8.31677437327301,7.5695000171661375,6.8222256610592655,8.861041059248217,12.955463403945378,KZR
2022-11-08,7.050000190734863,7.170000076293945,6.869999885559082,7.0,7.0,549400,7.146000003814697,7.328000068664551,7.521000027656555,8.354800033569337,8.879100046157838,10.295100004673005,35.09002428015692,-0.3373720449968287,-0.337897677690534,0.0005256326937053135,8.283755563616122,7.521000027656555,6.7582444916969875,11.3511644473151,10.818740147599447,KZR
2022-11-09,6.920000076293945,7.019999980926514,6.349999904632568,6.389999866485596,6.389999866485596,493700,6.951999950408935,7.210000038146973,7.449000024795533,8.28580002784729,8.890100045204163,10.263600006103516,27.75917418026994,-0.3871994288165581,-0.34775802791573884,-0.03944140090081927,8.342194343939466,7.449000024795533,6.555805705651599,7.762447375814748,9.324884294125983,KZR
2022-11-10,6.710000038146973,7.28000020980835,6.650000095367432,7.230000019073486,7.230000019073486,1194100,6.971999931335449,7.203000020980835,7.394500041007996,8.224800033569336,8.904300045967101,10.236850006580353,44.84661311966647,-0.35481688910914677,-0.34916980015442045,-0.00564708895472632,8.1968585732633,7.394500041007996,6.592141508752691,22.86944180820126,13.994351210443662,KZR
2022-11-11,7.260000228881836,8.09000015258789,7.260000228881836,7.619999885559082,7.619999885559082,860300,7.059999942779541,7.2,7.358000016212463,8.175200023651122,8.923300046920776,10.2132000041008,50.67959568854113,-0.29429135566877207,-0.33819411125729076,0.043902755588518694,8.040659567450597,7.358000016212463,6.675340464974329,43.259542142652585,24.630477108889494,KZR
2022-11-14,7.630000114440918,8.25,7.630000114440918,7.96999979019165,7.96999979019165,1068500,7.241999912261963,7.244999980926513,7.346000003814697,8.137600011825562,8.943800044059753,10.190350003242493,55.25329589937664,-0.21559709798076643,-0.3136747086019859,0.09807761062121945,7.974630259928173,7.346000003814697,6.7173697477012215,70.85754679923292,45.66217691669556,KZR
2022-11-15,8.140000343322754,8.140000343322754,7.829999923706055,8.020000457763672,8.020000457763672,882800,7.446000003814698,7.296000003814697,7.376500034332276,8.10940001487732,8.96360004901886,10.164550004005433,55.88271855313338,-0.14749644855586297,-0.2804390565927613,0.13294260803689834,8.070395644524146,7.376500034332276,6.682604424140407,82.04880112809438,65.3886300233266,KZR
2022-11-16,8.010000228881836,8.0600004196167,7.480000019073486,7.559999942779541,7.559999942779541,634000,7.6800000190734865,7.315999984741211,7.385500025749207,8.067200012207032,8.981400046348572,10.13725000143051,49.047320607870844,-0.12915556546037443,-0.25018235836628394,0.12102679290590951,8.083997779238356,7.385500025749207,6.687002272260057,78.94737282398097,77.2845735837694,KZR
2022-11-17,7.550000190734863,7.619999885559082,7.349999904632568,7.409999847412109,7.409999847412109,477700,7.715999984741211,7.34399995803833,7.39300000667572,8.023800010681152,8.972600045204162,10.111349999904633,47.027307028703255,-0.12527988898512543,-0.22520186449005225,0.09992197550492682,8.089163867575845,7.39300000667572,6.696836145775595,69.12281291746781,76.70632895651437,KZR
2022-11-18,7.539999961853027,7.639999866485596,7.449999809265137,7.5,7.5,477500,7.692000007629394,7.375999975204468,7.403500008583069,7.978000011444092,8.968300046920776,10.087200000286103,48.40046709739349,-0.11363619992787388,-0.20288873157761658,0.0892525316497427,8.09946776568879,7.403500008583069,6.707532251477348,59.999998326887294,69.35672802277867,KZR
2022-11-21,7.5,7.769999980926514,7.449999809265137,7.489999771118164,7.489999771118164,456800,7.596000003814697,7.41899995803833,7.4045000076293945,7.932200012207031,8.96050004005432,10.06059999704361,48.25080045557652,-0.10401639114791905,-0.1831142634916771,0.07909787234375804,8.100904427870459,7.4045000076293945,6.708095587388331,58.77192520148674,62.63157881528059,KZR
2022-11-22,7.510000228881836,7.659999847412109,7.389999866485596,7.610000133514404,7.610000133514404,526700,7.513999938964844,7.479999971389771,7.40400002002716,7.896400022506714,8.943700041770935,10.027999997138977,50.239272471612374,-0.08572145346651183,-0.16363570148664403,0.07791424802013219,8.099798940298754,7.40400002002716,6.708201099755566,62.28070197453243,60.35087516763546,KZR
2022-11-23,7.630000114440918,7.840000152587891,7.590000152587891,7.679999828338623,7.679999828338623,429000,7.53799991607666,7.608999967575073,7.409500002861023,7.842200012207031,8.92510004043579,9.995199997425079,51.412121351758664,-0.06482690893280463,-0.14387394297587613,0.0790470340430715,8.112165717817632,7.409500002861023,6.706834287904414,65.43859354126616,62.163740239095084,KZR
2022-11-25,7.610000133514404,7.619999885559082,7.360000133514404,7.460000038146973,7.460000038146973,173800,7.5479999542236325,7.631999969482422,7.417499995231628,7.794800014495849,8.901300039291382,9.959099996089936,47.613741048499364,-0.06526761190393149,-0.1281526767614872,0.06288506485755571,8.118638438340726,7.417499995231628,6.716361552122531,64.91228246292575,64.21052599290807,KZR
2022-11-28,7.429999828338623,7.630000114440918,7.340000152587891,7.400000095367432,7.400000095367432,346200,7.527999973297119,7.6099999904632565,7.404999995231629,7.759200010299683,8.872800040245057,9.922349996566773,46.60249840686465,-0.06965542178219764,-0.11645322576562929,0.046797803983431654,8.09797914815891,7.404999995231629,6.712020842304348,61.22807145228784,63.85964915215988,KZR
2022-11-29,7.400000095367432,7.699999809265137,7.039999961853027,7.590000152587891,7.590000152587891,385000,7.548000049591065,7.572000026702881,7.408500003814697,7.737800016403198,8.845200037956237,9.887199997901917,50.20880926957169,-0.05714267086259994,-0.10459111478502342,0.04744844392242348,8.104467760577851,7.408500003814697,6.712532247051544,59.649129851702845,61.92982792230544,KZR
2022-11-30,7.639999866485596,7.889999866485596,7.460000038146973,7.809999942779541,7.809999942779541,1386600,7.588000011444092,7.550999975204467,7.423499989509582,7.72480001449585,8.823100032806396,9.855299999713898,54.07632489272191,-0.029138194191073552,-0.08950053066623345,0.0603623364751599,8.14019455571652,7.423499989509582,6.706805423302645,64.34210920446652,61.7397701694857,KZR
2022-12-01,7.760000228881836,7.889999866485596,7.409999847412109,7.480000019073486,7.480000019073486,463900,7.548000049591065,7.542999982833862,7.429499983787537,7.713400011062622,8.79670003414154,9.816550002098083,48.04757466974757,-0.033190085935618896,-0.07823844172011055,0.04504835578449165,8.145976854196519,7.429499983787537,6.713023113378553,58.04226746667181,60.677835507613686,KZR
2022-12-02,7.420000076293945,7.53000020980835,7.190000057220459,7.429999828338623,7.429999828338623,493300,7.542000007629395,7.544999980926514,7.444499969482422,7.7018000030517575,8.769000034332276,9.777149999141693,47.18914496845882,-0.03997502960109944,-0.07058575929630832,0.03061072969520888,8.147706285700394,7.444499969482422,6.741293653264449,47.03167587968887,56.472017516942365,KZR
2022-12-05,7.440000057220459,7.440000057220459,6.989999771118164,7.070000171661377,7.070000171661377,489100,7.476000022888184,7.501999998092652,7.438999986648559,7.682799997329712,8.73880003452301,9.74039999961853,41.447379468795745,-0.0735532340927394,-0.07117925425559454,-0.0023739798371448517,8.152047024861881,7.438999986648559,6.725952948435237,25.183861987360586,43.41926844457371,KZR
2022-12-06,7.059999942779541,7.309999942779541,6.960000038146973,7.190000057220459,7.190000057220459,1206300,7.396000003814697,7.472000026702881,7.445499992370605,7.666800003051758,8.708000030517578,9.704700000286103,43.89783266010395,-0.08945009022714334,-0.0748334214499043,-0.014616668777239036,8.14688367105704,7.445499992370605,6.74411631368417,20.032343802622012,30.74929388989045,KZR
2022-12-07,7.139999866485596,7.179999828338623,6.96999979019165,7.03000020980835,7.03000020980835,344800,7.240000057220459,7.414000034332275,7.447000002861023,7.639200010299683,8.681200032234193,9.669749999046326,41.40941870474508,-0.11364903838552376,-0.08259654483702819,-0.03105249354849557,8.144684766793318,7.447000002861023,6.749315238928727,11.797513355850457,19.004573048610975,KZR
2022-12-08,7.079999923706055,7.139999866485596,6.96999979019165,7.039999961853027,7.039999961853027,308800,7.152000045776367,7.350000047683716,7.479500007629395,7.605600004196167,8.649000029563904,9.639749999046325,41.632112374480144,-0.13051548149880432,-0.09218033216938341,-0.038335149329420906,8.020072831215648,7.479500007629395,6.938927184043141,12.346043627243118,14.725300261905154,KZR
2022-12-09,7.0,7.119999885559082,6.869999885559082,6.989999771118164,6.989999771118164,333100,7.064000034332276,7.303000020980835,7.467499995231629,7.5730000019073485,8.614600024223328,9.60579999923706,40.79713097487721,-0.146231194520837,-0.10299050463967413,-0.043240689881162864,8.039439698225609,7.467499995231629,6.89556029223765,9.297913457469882,11.147156813521113,KZR
2022-12-12,7.050000190734863,7.449999809265137,6.980000019073486,7.389999866485596,7.389999866485596,375700,7.127999973297119,7.3019999980926515,7.4559999942779545,7.5486000061035154,8.584900026321412,9.570699999332428,49.5196825916221,-0.1249687832179518,-0.10738616035532966,-0.017582622862622133,8.02445055013506,7.4559999942779545,6.88754943842085,23.782410014885404,15.14212236653276,KZR
2022-12-13,7.599999904632568,7.610000133514404,7.0,7.159999847412109,7.159999847412109,3211800,7.121999931335449,7.258999967575074,7.415499997138977,7.5157999992370605,8.557600021362305,9.53224999666214,45.37955707590418,-0.12523363305525237,-0.1109556548953142,-0.01427797815993817,7.94583865755353,7.415499997138977,6.885161336724424,30.392151821214146,21.1574917645231,KZR
2022-12-14,7.119999885559082,7.559999942779541,7.090000152587891,7.210000038146973,7.210000038146973,1292300,7.157999897003174,7.198999977111816,7.374999976158142,7.489799995422363,8.532500019073487,9.495449998378753,46.42813543431784,-0.12002535337565234,-0.11276959459138183,-0.007255758784270511,7.833322977089342,7.374999976158142,6.916676975226942,37.58170316574692,30.585421667282116,KZR
2022-12-15,7.139999866485596,7.170000076293945,6.78000020980835,6.78000020980835,6.78000020980835,575200,7.105999946594238,7.128999996185303,7.335999989509583,7.4598000049591064,8.503300023078918,9.458299999237061,39.41943671955045,-0.14887896268644596,-0.11999146821039466,-0.028887494476051295,7.853625263437999,7.335999989509583,6.818374715581167,20.588239419006673,29.520698135322537,KZR
2022-12-16,6.650000095367432,7.090000152587891,6.650000095367432,7.039999961853027,7.039999961853027,1033300,7.115999984741211,7.090000009536743,7.317499995231628,7.445200004577637,8.474300026893616,9.424449996948242,44.84142439579075,-0.14904771953109552,-0.12580271847453484,-0.023245001056560688,7.849472675485962,7.317499995231628,6.785527314977295,21.59498561919573,26.588309401316398,KZR
2022-12-19,7.0,7.119999885559082,6.53000020980835,6.610000133514404,6.610000133514404,532400,6.960000038146973,7.0440000057220455,7.273000001907349,7.424000005722046,8.442200031280517,9.39099999666214,38.676198041866336,-0.1817833675300573,-0.13699884828563932,-0.04478451924441798,7.880061691879153,7.273000001907349,6.665938311935545,12.44465225254214,18.209292430248137,KZR
2022-12-20,6.599999904632568,6.920000076293945,6.570000171661377,6.869999885559082,6.869999885559082,489600,6.902000045776367,7.011999988555909,7.242000007629395,7.408400001525879,8.413200025558472,9.358299996852875,43.71525922830235,-0.1846186287048246,-0.14652280436947637,-0.03809582433534822,7.864690890522583,7.242000007629395,6.619309124736207,20.777979742281374,18.272539204673038,KZR
2022-12-21,6.880000114440918,6.989999771118164,6.730000019073486,6.889999866485596,6.889999866485596,495100,6.838000011444092,6.997999954223633,7.2059999942779545,7.386800003051758,8.38860002040863,9.322549996376038,44.09580446717662,-0.18314063110453738,-0.15384636971648857,-0.029294261388048803,7.822648948818426,7.2059999942779545,6.589351039737483,21.4052117281477,18.209281240990364,KZR
2022-12-22,6.789999961853027,7.119999885559082,6.739999771118164,7.090000152587891,7.090000152587891,499200,6.9,7.002999973297119,7.176500010490417,7.372000007629395,8.362500023841857,9.28579999923706,47.89002203718813,-0.1639411442801464,-0.15586532462922015,-0.008075819650926241,7.7548865257883985,7.176500010490417,6.598113495192436,36.7283788615881,26.303856777339018,KZR
2022-12-23,7.090000152587891,7.179999828338623,6.789999961853027,6.840000152587891,6.840000152587891,347400,6.860000038146973,6.988000011444091,7.145500016212464,7.342400016784668,8.33200002193451,9.247750000953674,43.880915617051244,-0.16697355609260178,-0.15808697092189647,-0.008886585170705313,7.726240009871431,7.145500016212464,6.5647600225534966,37.962951516254,32.03218070199656,KZR
2022-12-27,6.849999904632568,6.920000076293945,6.570000171661377,6.599999904632568,6.599999904632568,348600,6.857999992370606,6.909000015258789,7.105500006675721,7.307400007247924,8.298000020980835,9.209600002765656,40.38560700077623,-0.18659186369033343,-0.16378794947558387,-0.02280391421474956,7.719844334778468,7.105500006675721,6.491155678572973,29.012334777384766,34.56788838507558,KZR
2022-12-28,6.710000038146973,6.739999771118164,6.579999923706055,6.599999904632568,6.599999904632568,431700,6.803999996185302,6.853000020980835,7.055999994277954,7.275200004577637,8.26030002117157,9.172050004005433,40.38560700077623,-0.19983592960091734,-0.17099754550065055,-0.02883838410026679,7.665734314222199,7.055999994277954,6.446265674333709,13.888869265959217,26.95471851986595,KZR
2022-12-29,6.630000114440918,7.380000114440918,6.579999923706055,7.03000020980835,7.03000020980835,680000,6.832000064849853,6.835000038146973,7.017000007629394,7.267600011825562,8.225700025558472,9.137200005054474,48.851440016793674,-0.17363298333905064,-0.17152463306833057,-0.0021083502707200663,7.519119473866208,7.017000007629394,6.51488054139258,19.75306897714894,20.884757673497592,KZR
2022-12-30,6.949999809265137,7.050000190734863,6.789999961853027,7.039999961853027,7.039999961853027,306300,6.822000026702881,6.861000013351441,6.995000004768372,7.260800008773804,8.195600023269654,9.098850004673004,49.03270557903349,-0.15032718501249676,-0.1672851434571638,0.01695795844466705,7.450433814810823,6.995000004768372,6.5395661947259205,33.33331861613609,22.325085619748034,KZR
2023-01-03,7.070000171661377,7.340000152587891,6.860000133514404,6.929999828338623,6.929999828338623,562400,6.839999961853027,6.85,6.970000004768371,7.254200000762939,8.16450002193451,9.056950001716613,47.05711977264338,-0.1391294655211892,-0.1616540078699689,0.02252454234877968,7.379780422328505,6.970000004768371,6.560219587208238,43.51850216607713,32.20162991978734,KZR
2023-01-04,6.929999828338623,7.289999961853027,6.909999847412109,7.190000057220459,7.190000057220459,503000,6.957999992370605,6.9079999923706055,6.9759999990463255,7.252200002670288,8.138800020217895,9.014950001239777,51.98183168843116,-0.10803004349587386,-0.15092921499514989,0.04289917149927602,7.394874668643919,6.9759999990463255,6.557125329448732,49.44562621073964,42.0991489976509,KZR
2023-01-05,7.170000076293945,7.170000076293945,6.889999866485596,6.900000095367432,6.900000095367432,394900,7.0180000305175785,6.91100001335144,6.9615000009536745,7.240800008773804,8.104300017356872,8.97550000190735,46.7574707816367,-0.10556718794299513,-0.14185680958471894,0.03628962164172381,7.369680085161409,6.9615000009536745,6.55331991674594,48.2146930726208,47.05960714981247,KZR
2023-01-06,6.849999904632568,7.119999885559082,6.679999828338623,6.840000152587891,6.840000152587891,393500,6.980000019073486,6.90600004196167,6.951999998092651,7.22520001411438,8.065200018882752,8.92954999923706,45.73334767728379,-0.10722087560400162,-0.13492962278857548,0.027708747184573862,7.362199910128695,6.951999998092651,6.5418000860566075,48.02588682702437,48.562068703461556,KZR
2023-01-09,6.829999923706055,6.860000133514404,6.320000171661377,6.349999904632568,6.349999904632568,838100,6.8420000076293945,6.832000017166138,6.917499995231628,7.200800008773804,8.02190001487732,8.873550002574921,38.346530135716435,-0.14638294838779053,-0.1372202879084185,-0.009162660479372031,7.4016848678015466,6.917499995231628,6.43331512266171,27.610050806975305,41.28354356887344,KZR
2023-01-10,6.28000020980835,6.46999979019165,5.75,6.019999980926514,6.019999980926514,1028600,6.660000038146973,6.75,6.869000005722046,7.175200004577636,7.983000016212463,8.812000002861023,34.325449061083155,-0.20172208253525614,-0.15012064683378604,-0.051601435701470105,7.489544932806824,6.869000005722046,6.248455078637267,18.62172136025933,31.419219664752955,KZR
2023-01-11,6.03000020980835,6.53000020980835,5.769999980926514,6.139999866485596,6.139999866485596,549200,6.45,6.703999996185303,6.806500005722046,7.145,7.944900016784668,8.75240000486374,36.915974331275045,-0.23320748642345457,-0.16673801475171973,-0.06646947167173484,7.455692639806016,6.806500005722046,6.157307371638075,14.440316327531098,20.224029498255195,KZR
2023-01-12,6.170000076293945,6.920000076293945,5.989999771118164,6.900000095367432,6.900000095367432,1281600,6.45,6.734000015258789,6.793500018119812,7.132600002288818,7.912600016593933,8.700750007629395,50.289755071099975,-0.19459110384473455,-0.1723086325703227,-0.022282471274411852,7.4240006947062795,6.793500018119812,6.162999341533345,37.014311159529456,23.35878294910658,KZR
2023-01-13,6.840000152587891,7.369999885559082,6.610000133514404,6.840000152587891,6.840000152587891,1074000,6.45,6.715000009536743,6.775000023841858,7.119200000762939,7.881600022315979,8.647500009536744,49.399369725830766,-0.16690486103362456,-0.17122787826298308,0.004323017229358517,7.376581359313174,6.775000023841858,6.173418688370542,53.783229648074744,35.07928571171172,KZR
2023-01-17,6.820000171661377,6.840000152587891,6.440000057220459,6.559999942779541,6.559999942779541,742300,6.492000007629395,6.667000007629395,6.764000010490418,7.103199996948242,7.846700019836426,8.595800011157989,45.36298707146086,-0.1656475096303307,-0.1701118045364526,0.004464294906121907,7.372815342600172,6.764000010490418,6.155184678380663,62.372187660469386,51.056576156024484,KZR
2023-01-18,6.559999942779541,6.679999828338623,6.21999979019165,6.360000133514404,6.360000133514404,909200,6.560000038146972,6.610000038146973,6.730000019073486,7.087799997329712,7.804300017356873,8.544500007629395,42.680391368821184,-0.1787290850861618,-0.17183526064639446,-0.006893824439767354,7.349225419420917,6.730000019073486,6.110774618726055,51.329244430610686,55.82822057971823,KZR
2023-01-19,6.369999885559082,6.400000095367432,6.170000076293945,6.25,6.25,366800,6.582000064849853,6.516000032424927,6.712000012397766,7.069200000762939,7.7671000146865845,8.490900011062623,41.23602075523093,-0.19571632340072664,-0.1766114731972609,-0.01910485020346575,7.364184115722435,6.712000012397766,6.059815909073097,39.26380248450673,50.98841152519555,KZR
2023-01-20,6.340000152587891,6.46999979019165,6.159999847412109,6.420000076293945,6.420000076293945,505800,6.486000061035156,6.468000030517578,6.689500021934509,7.056400003433228,7.734400019645691,8.43735001564026,44.36934276223871,-0.19323376814907967,-0.17993593218762466,-0.013297835961455007,7.349332657455933,6.689500021934509,6.029667386413085,36.48539841388447,42.359481776333915,KZR
2023-01-23,6.449999809265137,7.03000020980835,6.289999961853027,6.800000190734863,6.800000190734863,1251700,6.478000068664551,6.464000034332275,6.685000038146972,7.0524000072479245,7.70360002040863,8.388800015449524,50.69756207476277,-0.15877325256177244,-0.1757033962624542,0.01693014370068177,7.34051519999359,6.685000038146972,6.029484876300355,45.61590265395525,40.45503451744877,KZR
2023-01-24,6.75,7.099999904632568,6.75,7.010000228881836,7.010000228881836,552900,6.56800012588501,6.530000066757202,6.68100004196167,7.06480001449585,7.675300021171569,8.34110002040863,53.823690941003456,-0.11321275152225141,-0.16320526731441365,0.04999251579216224,7.327495311696064,6.68100004196167,6.034504772227275,61.31688696348706,47.80606267710888,KZR
2023-01-25,6.960000038146973,6.960000038146973,6.769999980926514,6.800000190734863,6.800000190734863,523800,6.656000137329102,6.608000087738037,6.679000043869019,7.056200017929077,7.640500025749207,8.292200021743774,50.383285324037665,-0.09297916826344199,-0.14916004750421932,0.05618087924077733,7.323760568300557,6.679000043869019,6.034239519437481,69.13581991174,58.6895365097274,KZR
2023-01-26,6.800000190734863,6.880000114440918,6.610000133514404,6.730000019073486,6.730000019073486,409400,6.752000141143799,6.667000102996826,6.685500049591065,7.038400020599365,7.6068000221252445,8.244050018787384,49.25313944726344,-0.08165111338393238,-0.13565826068016193,0.054007147296229546,7.329564587243912,6.685500049591065,6.041435511938218,67.69548705975714,66.04939797832803,KZR
2023-01-27,6.75,7.010000228881836,6.699999809265137,6.900000095367432,6.900000095367432,348300,6.848000144958496,6.667000102996826,6.700500059127807,7.017000026702881,7.5773000192642215,8.19990002155304,52.06525485079785,-0.058284100045951526,-0.12018342855331984,0.06189932850736832,7.349852911194857,6.700500059127807,6.051147207060758,65.43210966705973,67.42113887951892,KZR
2023-01-30,6.809999942779541,7.03000020980835,6.690000057220459,7.0,7.0,561000,6.888000106811523,6.683000087738037,6.69900004863739,6.996600017547608,7.553000016212463,8.160600023269653,53.6908989172742,-0.031335204325608323,-0.10241378370777754,0.07107857938216922,7.345433416757045,6.69900004863739,6.052566680517735,69.54733237063242,67.55830969914973,KZR
2023-01-31,7.019999980926514,7.179999828338623,6.920000076293945,7.170000076293945,7.170000076293945,516700,6.920000076293945,6.744000101089478,6.705500054359436,6.988800020217895,7.528000016212463,8.119250025749206,56.39806568797302,0.0036969588556656774,-0.0811916351950889,0.08488859405075458,7.367934289713289,6.705500054359436,6.043065819005583,78.54939189215372,71.17627797661525,KZR
2023-02-01,7.190000057220459,7.190000057220459,6.809999942779541,6.900000095367432,6.900000095367432,648500,6.940000057220459,6.79800009727478,6.704000067710877,6.978600025177002,7.501200017929077,8.078800027370454,51.27152728774165,0.009563219748786267,-0.06304066420631387,0.07260388395510013,7.36452723582445,6.704000067710877,6.043472899597304,76.86751915574051,74.98808113950885,KZR
2023-02-02,6.940000057220459,7.320000171661377,6.929999828338623,7.309999942779541,7.309999942779541,559700,7.05600004196167,6.904000091552734,6.710000061988831,6.974800024032593,7.476400017738342,8.042550024986268,57.57761151955331,0.0467568510711569,-0.04108116115081971,0.08783801222197661,7.389970731831839,6.710000061988831,6.030029392145823,82.82779512952986,79.41490205914134,KZR
2023-02-03,7.21999979019165,7.440000057220459,7.070000171661377,7.099999904632568,7.099999904632568,432600,7.096000003814697,6.972000074386597,6.720000052452088,6.96700002670288,7.449600019454956,8.004950025081634,53.74136899548044,0.0586121791089127,-0.021142493098873227,0.07975467220778593,7.416534391537633,6.720000052452088,6.023465713366543,78.1402888819078,79.27853438905936,KZR
2023-02-06,7.079999923706055,7.079999923706055,6.820000171661377,6.829999923706055,6.829999923706055,378000,7.061999988555908,6.975000047683716,6.719500041007995,6.951400022506714,7.4239000225067135,7.9645500254631045,49.20229929557544,0.04569413645365561,-0.00777516718836746,0.05346930364202307,7.4157033697908155,6.719500041007995,6.023296712225175,73.60752233766782,78.19186878303513,KZR
2023-02-07,6.829999923706055,6.920000076293945,6.599999904632568,6.78000020980835,6.78000020980835,394700,6.984000015258789,6.9520000457763675,6.741000056266785,6.9334000301361085,7.38780002117157,7.92875002861023,48.387261702124356,0.031063850797968584,-7.363591100251025e-06,0.031071214389068836,7.4164821480445156,6.741000056266785,6.065517964489054,58.07292006211302,69.94024376056284,KZR
2023-02-08,6.710000038146973,6.71999979019165,6.449999809265137,6.510000228881836,6.510000228881836,343700,6.90600004196167,6.923000049591065,6.765500068664551,6.914400033950805,7.354600024223328,7.89330002784729,44.13556897916616,-0.002291087733222952,-0.0004641084195247912,-0.0018269793136981606,7.365982388308265,6.765500068664551,6.165017749020836,42.708347691220695,58.12959669700047,KZR
2023-02-09,6.599999904632568,6.650000095367432,6.400000095367432,6.449999809265137,6.449999809265137,400000,6.734000015258789,6.895000028610229,6.781000065803528,6.89540002822876,7.3273000192642215,7.855850028991699,43.22658344290675,-0.03318412332983911,-0.007008111401587655,-0.026176011928251454,7.3298862094713275,6.781000065803528,6.232113922135728,29.898108249657522,43.55979200099704,KZR
2023-02-10,6.449999809265137,6.610000133514404,6.369999885559082,6.53000020980835,6.53000020980835,350800,6.6200000762939455,6.858000040054321,6.762500071525574,6.874200029373169,7.306000022888184,7.82480003118515,44.85730126368864,-0.0506281036162779,-0.015732109844525704,-0.03489599377175219,7.3189845580048,6.762500071525574,6.206015585046348,18.736701103008745,30.447719014628948,KZR
2023-02-13,6.5,6.550000190734863,6.340000152587891,6.449999809265137,6.449999809265137,286400,6.544000053405762,6.803000020980835,6.743000054359436,6.847000026702881,7.285900020599366,7.795350029468536,43.51137496955744,-0.07009987962629438,-0.02660566380087944,-0.04349421582541494,7.314387848492067,6.743000054359436,6.171612260226806,12.95543254817082,20.530080633612325,KZR
2023-02-14,6.440000057220459,6.650000095367432,6.329999923706055,6.579999923706055,6.579999923706055,426100,6.503999996185303,6.744000005722046,6.744000053405761,6.8290000247955325,7.271200017929077,7.767750027179718,46.32949862145751,-0.07418630606476562,-0.03612179225365668,-0.03806451381110894,7.314171967517951,6.744000053405761,6.173828139293572,15.825262800662335,15.839132150613928,KZR
2023-02-15,6.519999980926514,6.570000171661377,6.369999885559082,6.559999942779541,6.559999942779541,514600,6.513999938964844,6.709999990463257,6.754000043869018,6.81160002708435,7.256700015068054,7.741150026321411,45.949700982277214,-0.07813793430483162,-0.04452502066389167,-0.033612913640939955,7.303523503652203,6.754000043869018,6.204476584085834,17.74773647198423,15.509477273605755,KZR
2023-02-16,6.510000228881836,6.570000171661377,6.28000020980835,6.340000152587891,6.340000152587891,683500,6.492000007629395,6.613000011444091,6.758500051498413,6.7970000267028805,7.239900012016296,7.710150027275086,41.88242323828509,-0.09789331935943224,-0.055198680402999786,-0.042694638956432454,7.292701329791117,6.758500051498413,6.224298773205709,16.138549766942926,16.57051634652979,KZR
2023-02-17,6.400000095367432,6.730000019073486,6.269999980926514,6.650000095367432,6.650000095367432,470700,6.515999984741211,6.568000030517578,6.770000052452088,6.786200027465821,7.2265000152587895,7.6818000292778015,48.764453026091864,-0.08752625159518868,-0.06166419464143756,-0.025862056953751114,7.284081764921261,6.770000052452088,6.255918339982914,19.45725654313739,17.781180927354807,KZR
2023-02-21,6.489999771118164,6.53000020980835,6.159999847412109,6.170000076293945,6.170000076293945,624900,6.460000038146973,6.502000045776367,6.738500046730041,6.769000024795532,7.204100017547607,7.677850029468536,40.72333075145046,-0.11669705470775238,-0.07267076665470053,-0.04402628805305185,7.314808122564356,6.738500046730041,6.1621919708957265,12.81077247868283,16.135526262921008,KZR
2023-02-22,6.199999809265137,6.409999847412109,6.190000057220459,6.329999923706055,6.329999923706055,511900,6.410000038146973,6.457000017166138,6.704500031471253,6.754800024032593,7.18020001411438,7.677250030040741,44.0360502507175,-0.12545827097437634,-0.08322826751863568,-0.042230003455740656,7.292835815222203,6.704500031471253,6.116164247720302,15.513720559618392,15.927249860479497,KZR
2023-02-23,6.329999923706055,6.349999904632568,6.210000038146973,6.320000171661377,6.320000171661377,363200,6.3620000839233395,6.438000011444092,6.680500030517578,6.741400032043457,7.157200016975403,7.67730003118515,43.87103158770256,-0.1316904488851307,-0.09292070379193469,-0.038769745093196015,7.290072804363032,6.680500030517578,6.070927256672125,8.85418160663054,12.392891548310546,KZR
2023-02-24,6.230000019073486,6.300000190734863,6.159999847412109,6.199999809265137,6.199999809265137,443200,6.334000015258789,6.413000011444092,6.65400002002716,6.717600030899048,7.133100018501282,7.679750030040741,41.84455465187382,-0.14464514198203027,-0.10326559142995381,-0.041379550552076455,7.2977825975648045,6.65400002002716,6.010217442489516,10.043032882182459,11.470311682810424,KZR
2023-02-27,6.25,6.329999923706055,6.239999771118164,6.289999961853027,6.289999961853027,295600,6.261999988555909,6.388999986648559,6.623500013351441,6.700200033187866,7.108000016212463,7.6834000301361085,43.93621704913366,-0.14596695326766707,-0.11180586379749646,-0.0341610894701706,7.275520723581386,6.623500013351441,5.971479303121495,11.31770597584365,10.07164015488551,KZR
2023-02-28,6.260000228881836,6.429999828338623,6.150000095367432,6.289999961853027,6.289999961853027,489500,6.285999965667725,6.373000001907348,6.588000011444092,6.681800031661988,7.085800013542175,7.687050030231476,43.93621704913366,-0.14533911933740917,-0.11851251490547901,-0.026826604431930162,7.231415907197141,6.588000011444092,5.944584115691043,15.197001944786711,12.185913600937567,KZR
2023-03-01,6.21999979019165,6.300000190734863,5.599999904632568,5.619999885559082,5.619999885559082,1468400,6.14399995803833,6.276999998092651,6.5105000019073485,6.658600025177002,7.059200015068054,7.687550029754639,33.52555858970786,-0.19663823993017182,-0.13413765991041757,-0.06250058001975425,7.224376071432441,6.5105000019073485,5.796623932382256,14.33769796387616,13.617468628168801,KZR
2023-03-02,5.579999923706055,5.78000020980835,5.320000171661377,5.429999828338623,5.429999828338623,782400,5.965999889373779,6.16399998664856,6.436999988555908,6.626400022506714,7.035800013542175,7.685950028896332,31.26324329705351,-0.24974566672635934,-0.15725926127360593,-0.09248640545275341,7.26836278255455,6.436999988555908,5.605637194557267,11.236405253995526,13.59036838755276,KZR
2023-03-03,5.489999771118164,5.760000228881836,5.489999771118164,5.650000095367432,5.650000095367432,742200,5.855999946594238,6.094999980926514,6.353999996185303,6.6072000217437745,7.01560001373291,7.684100029468536,36.59822217277,-0.2709580662284665,-0.17999902226457803,-0.09095904396388849,7.150904057331926,6.353999996185303,5.557095935038681,10.99185233769918,12.188651851856916,KZR
2023-03-06,5.590000152587891,5.860000133514404,5.46999979019165,5.75,5.75,1087900,5.747999954223633,6.00499997138977,6.286500000953675,6.584800024032592,6.996600012779236,7.679700028896332,38.91888314430423,-0.2765124259676508,-0.1993017030051926,-0.0772107229624582,7.047086032671724,6.286500000953675,5.525913969235625,20.567364134086194,14.265207241926925,KZR
2023-03-07,5.75,5.960000038146973,5.590000152587891,5.739999771118164,5.739999771118164,1272300,5.6379999160766605,5.961999940872192,6.23199999332428,6.561800022125244,6.974300012588501,7.678900027275086,38.76607127441185,-0.27851073261464965,-0.215143508927084,-0.06336722368756564,6.9851694134110875,6.23199999332428,5.478830573237472,27.89596877539189,19.81839508239238,KZR
2023-03-08,5.699999809265137,5.789999961853027,5.539999961853027,5.619999885559082,5.619999885559082,683100,5.6379999160766605,5.8909999370574955,6.173999977111817,6.532400016784668,6.952200012207031,7.67955002784729,36.89405882647107,-0.2864750864412038,-0.22940982442990795,-0.05706526201129583,6.928092906901582,6.173999977111817,5.419907047322051,27.18674388047644,25.216692263318134,KZR
2023-03-09,5.639999866485596,5.699999809265137,5.21999979019165,5.239999771118164,5.239999771118164,951700,5.599999904632568,5.782999897003174,6.1104999542236325,6.500400009155274,6.921400012969971,7.678050026893616,31.677383339782168,-0.3197636908881645,-0.24748059772155925,-0.07228309316660522,6.949796789826562,6.1104999542236325,5.271203118620703,17.46276282078649,24.1818251588849,KZR
2023-03-10,5.239999771118164,5.239999771118164,4.53000020980835,4.639999866485596,4.639999866485596,1084500,5.397999858856201,5.6269999027252195,6.019999957084655,6.461200008392334,6.884300007820129,7.673700025081635,25.537411293192203,-0.3900637159282603,-0.27599722136289945,-0.11406649456536083,7.059750048028317,6.019999957084655,4.980249866140994,9.367020812488565,18.005509171250456,KZR
2023-03-13,4.650000095367432,5.239999771118164,4.650000095367432,5.150000095367432,5.150000095367432,813400,5.2779998779296875,5.5129999160766605,5.9509999513626095,6.432200012207031,6.853700008392334,7.6745500254631045,36.7582396017965,-0.4000131336308854,-0.30080040381649664,-0.09921272981438878,7.028680863683465,5.9509999513626095,4.873319039041754,13.152021385643769,13.327268339639566,KZR
2023-03-14,5.230000019073486,5.28000020980835,4.989999771118164,5.179999828338623,5.179999828338623,836000,5.165999889373779,5.40199990272522,5.8874999523162845,6.395200004577637,6.831400008201599,7.6753500247001645,37.356232951297514,-0.4008565661394474,-0.3208116362810868,-0.08004492985836065,6.989477817596885,5.8874999523162845,4.785522087035684,24.114025138861205,15.544355778997804,KZR
2023-03-15,5.179999828338623,5.360000133514404,4.539999961853027,4.610000133514404,4.610000133514404,850100,4.963999938964844,5.300999927520752,5.7889999628067015,6.346600008010864,6.803700008392334,7.673450026512146,31.3002794018255,-0.4424192702145895,-0.3451331630677873,-0.09728610714680219,6.9747639102969545,5.7889999628067015,4.603236015316448,23.68420524280054,20.316750589101797,KZR
2023-03-16,4.099999904632568,4.230000019073486,3.75,3.819999933242798,3.819999933242798,1972500,4.679999971389771,5.13999993801117,5.651999962329865,6.284400010108948,6.769300005435944,7.666350027322769,25.202176248858667,-0.5329607863040788,-0.3826986877150456,-0.15026209858903322,7.061774471996555,5.651999962329865,4.242225452663174,13.67765807585019,20.491962819170602,KZR
2023-03-17,3.7300000190734863,3.9200000762939453,3.549999952316284,3.759999990463257,3.759999990463257,3006900,4.503999996185303,4.950999927520752,5.522999954223633,6.215800008773804,6.734000005722046,7.659900026321411,24.806876126891865,-0.6026105645867572,-0.4266810630893879,-0.1759295014973693,7.11741648891271,5.522999954223633,3.9285834195345557,4.704709808551297,14.022191042400635,KZR
2023-03-20,3.7699999809265137,3.809999942779541,3.5799999237060547,3.6700000762939453,3.6700000762939453,1168600,4.207999992370605,4.742999935150147,5.3739999532699585,6.151200008392334,6.696000008583069,7.653950026035309,24.1938626022339,-0.6574916026669015,-0.47284317100489065,-0.1846484316620109,7.0728395368819665,5.3739999532699585,3.6751603696579505,4.755748924523698,7.712705602975021,KZR
2023-03-21,3.700000047683716,3.700000047683716,3.549999952316284,3.6600000858306885,3.6600000858306885,1647700,3.9040000438690186,4.534999966621399,5.248499953746796,6.08760000705719,6.656400010585785,7.647650026082992,24.122534103853592,-0.6937945052148873,-0.5170334378468899,-0.17676106736799735,7.060650830818369,5.248499953746796,3.4363490766752234,5.40654317628685,4.955667303120574,KZR
2023-03-22,3.7100000381469727,3.7100000381469727,3.5199999809265137,3.5299999713897705,3.5299999713897705,970400,3.6880000114440916,4.325999975204468,5.108499956130982,6.031200008392334,6.616000008583069,7.640100026130677,23.166344084952737,-0.7247008396427574,-0.5585669182060634,-0.16613392143669403,6.995881953716366,5.108499956130982,3.221117958545597,3.112598962956177,4.424963687922201,KZR
2023-03-23,3.549999952316284,3.740000009536743,3.3299999237060547,3.3499999046325684,3.3499999046325684,719300,3.594000005722046,4.136999988555909,4.959999942779541,5.977800006866455,6.576500005722046,7.631350026130677,21.87348026951696,-0.7550154848800643,-0.5978566315408635,-0.15715885333920077,6.909081706258391,4.959999942779541,3.0109181793006923,1.9115373035724883,3.4768931476051317,KZR
2023-03-24,3.309999942779541,3.4800000190734863,3.190000057220459,3.3499999046325684,3.3499999046325684,869500,3.511999988555908,4.007999992370605,4.817499947547913,5.922000007629395,6.533500003814697,7.620900025367737,21.87348026951696,-0.770162110238295,-0.6323177272803499,-0.1378443829579451,6.799568265480364,4.817499947547913,2.8354316296154622,2.315486332314239,2.446540866280928,KZR
2023-03-27,3.359999895095825,3.569999933242798,3.319999933242798,3.549999952316284,3.549999952316284,1262000,3.487999963760376,3.8479999780654905,4.680499947071075,5.855000004768372,6.4938000035285945,7.612250024080277,27.11503390246717,-0.7572979284645527,-0.6573137675171904,-0.09998416094736229,6.614712656569617,4.680499947071075,2.7462872375725333,6.794257883693931,3.6737605065268455,KZR
2023-03-28,3.549999952316284,3.6600000858306885,3.200000047683716,3.2100000381469727,3.2100000381469727,3447700,3.397999954223633,3.6509999990463258,4.526499950885773,5.782400002479553,6.450800001621246,7.603650025129318,24.148890587562224,-0.7657114780232512,-0.6789933096184025,-0.0867181684048487,6.413479216060118,4.526499950885773,2.639520685711428,6.806376734484714,5.305373650164253,KZR
2023-03-29,3.240000009536743,3.3499999046325684,3.180000066757202,3.2300000190734863,3.2300000190734863,1972900,3.337999963760376,3.512999987602234,4.406999957561493,5.715800004005432,6.409500000476837,7.596900025606155,24.670902245870312,-0.7619817935520454,-0.6955910064051312,-0.06639078714691427,6.30452564824177,4.406999957561493,2.5094742668812158,5.6455127037201045,6.415382440632875,KZR
2023-03-30,3.2699999809265137,3.369999885559082,3.130000114440918,3.1600000858306885,3.1600000858306885,1096500,3.3,3.447000002861023,4.2934999704360965,5.651800003051758,6.369800000190735,7.5897500252723695,24.04711852468275,-0.7559601631446622,-0.7076648377530373,-0.048295325391624844,6.204198991051094,4.2934999704360965,2.3828009498210987,1.478559325750968,4.6434829213185544,KZR
2023-03-31,3.190000057220459,3.2799999713897705,3.0899999141693115,3.130000114440918,3.130000114440918,1058000,3.25600004196167,3.3840000152587892,4.167499971389771,5.589400005340576,6.329300003051758,7.581800026893616,23.769734633818622,-0.7450205910201739,-0.7151359884064646,-0.029884602613709288,6.035652698961273,4.167499971389771,2.2993472438182687,1.800329699715567,2.9748005763955057,KZR
2023-04-03,3.119999885559082,3.1700000762939453,3.0,3.049999952316284,3.049999952316284,1163100,3.15600004196167,3.322000002861023,4.032499969005585,5.522000002861023,6.289200003147125,7.5731500256061555,23.007578729321562,-0.7343412173483075,-0.7189770341948332,-0.01536418315347432,5.811824166945212,4.032499969005585,2.2531757710659575,1.7420184341657539,1.6736358198773889,KZR
2023-04-04,3.059999942779541,3.1700000762939453,2.680000066757202,2.740000009536743,2.740000009536743,2158900,3.062000036239624,3.2299999952316285,3.8824999809265135,5.44079999923706,6.246600003242492,7.562850024700165,20.29234537171301,-0.7423349659769989,-0.7236486205512663,-0.018686345425732553,5.563866903962976,3.8824999809265135,2.2011330578900514,2.5839097621770377,2.0420859653527454,KZR
2023-04-05,2.700000047683716,2.7699999809265137,2.309999942779541,2.359999895095825,2.359999895095825,2444300,2.888000011444092,3.112999987602234,3.719499981403351,5.34779999256134,6.206300003528595,7.548200024366379,17.557102551941405,-0.7704516161574197,-0.733009219672497,-0.03744239648492276,5.3259055494508925,3.719499981403351,2.11309441335581,3.0317309798893723,2.452553058744014,KZR
2023-04-06,2.359999895095825,2.609999895095825,2.319999933242798,2.509999990463257,2.509999990463257,2284000,2.7579999923706056,3.028999996185303,3.5829999923706053,5.261999988555909,6.159100003242493,7.531700024604797,22.02508095319647,-0.771734435714964,-0.7407542628809904,-0.030980172833973585,5.111464576370724,3.5829999923706053,2.0545354083704863,6.7699625081585,4.128534416741596,KZR
2023-04-10,2.5,2.509999990463257,2.25,2.359999895095825,2.359999895095825,979400,2.603999948501587,2.9299999952316282,3.468999993801117,5.174599986076355,6.10650000333786,7.514900025129318,20.810503830786658,-0.7759106189222371,-0.7477855340892398,-0.02812508483299736,5.0052018316656195,3.468999993801117,1.9327981559366152,7.940488867622421,5.91406078522339,KZR
2023-04-11,2.3499999046325684,2.4200000762939453,2.3299999237060547,2.380000114440918,2.380000114440918,1233000,2.469999980926514,2.8130000114440916,3.330499994754791,5.084199986457825,6.0506000065803525,7.497200025320053,21.43262891379343,-0.7687448119839138,-0.7519773896681745,-0.016767422315739244,4.728791440366566,3.330499994754791,1.9322085491430168,9.81357319984599,8.174674858542263,KZR
2023-04-12,2.380000114440918,2.4600000381469727,2.3299999237060547,2.380000114440918,2.380000114440918,958000,2.3980000019073486,2.7300000190734863,3.190500009059906,4.991799988746643,5.994200003147125,7.478900026082993,21.43262891379343,-0.7543699511406814,-0.7524559019626759,-0.001914049178005528,4.362412574272348,3.190500009059906,2.018587443847464,8.277407642270182,8.677156569912825,KZR
2023-04-13,2.430000066757202,2.549999952316284,2.390000104904175,2.4600000381469727,2.4600000381469727,1061600,2.418000030517578,2.653000020980835,3.0830000042915344,4.897599987983703,5.9432000041008,7.462300025224685,24.19530775589119,-0.728129026923527,-0.7475905269548461,0.01946150003131908,4.098324571726743,3.0830000042915344,2.0676754368563257,10.781099499719872,9.624026780611976,KZR
2023-04-14,2.4600000381469727,2.4800000190734863,2.309999942779541,2.380000114440918,2.380000114440918,1534600,2.3920000553131104,2.575000023841858,3.0110000133514405,4.8071999883651735,5.892900006771088,7.432750025987625,23.31250867137869,-0.7056538918704156,-0.73920319993796,0.033549308067544414,4.011177983728292,3.0110000133514405,2.010822042974589,10.946108123601848,10.001538421863927,KZR
2023-04-17,2.4200000762939453,2.5799999237060547,2.4000000953674316,2.5,2.5,1142800,2.4200000762939453,2.512000012397766,2.9480000138282776,4.710999989509583,5.842900006771088,7.405600026845932,27.5808587939017,-0.670430887589101,-0.7254487374681882,0.0550178498790872,3.9095113149859,2.9480000138282776,1.986488712670655,13.947993301960182,11.891733641760593,KZR
2023-04-18,2.549999952316284,2.5799999237060547,2.380000114440918,2.4700000286102295,2.4700000286102295,769600,2.4380000591278077,2.4540000200271606,2.888000011444092,4.618399991989135,5.792700009346008,7.376600024700164,27.173658289540768,-0.6375874387890885,-0.7078764777323683,0.07028903894327976,3.810791407287714,2.888000011444092,1.9652086156004698,15.531074263399724,13.47505856298721,KZR
2023-04-19,2.4200000762939453,2.549999952316284,2.4200000762939453,2.5,2.5,856600,2.462000036239624,2.4300000190734865,2.8300000071525573,4.531799993515015,5.741600008010864,7.3426500248909,28.31344326168168,-0.6021962781791932,-0.6867404378217332,0.08454415964254003,3.695447831725068,2.8300000071525573,1.9645521825800463,19.89826264375058,16.459110069703456,KZR
2023-04-20,2.5299999713897705,2.5299999713897705,2.430000066757202,2.4700000286102295,2.4700000286102295,886200,2.464000034332275,2.4410000324249266,2.7770000100135803,4.445599989891052,5.68950001001358,7.307300025224686,27.844140689140527,-0.5699986853543373,-0.663392087328254,0.09339340197391677,3.592894577463346,2.7770000100135803,1.9611054425638148,21.107839742871022,18.84572555000707,KZR
2023-04-21,2.4600000381469727,2.559999942779541,2.450000047683716,2.490000009536743,2.490000009536743,1361200,2.4860000133514406,2.4390000343322753,2.734000015258789,4.365199985504151,5.639800009727478,7.27055002450943,28.692710543630827,-0.5366814995019293,-0.6380499697629891,0.10136847026105977,3.514446023132787,2.734000015258789,1.9535540073847906,23.255870973057622,21.4206577865597,KZR
2023-04-24,2.509999990463257,2.5299999713897705,2.440000057220459,2.4600000381469727,2.4600000381469727,536100,2.478000020980835,2.44900004863739,2.689500021934509,4.285399990081787,5.590400009155274,7.231600024700165,28.15778851684169,-0.5068554228395183,-0.6118110603782949,0.10495563753877657,3.424550359212694,2.689500021934509,1.9544496846563244,23.424090425653123,22.595933713860546,KZR
2023-04-25,2.4200000762939453,2.509999990463257,2.4200000762939453,2.450000047683716,2.450000047683716,665300,2.474000024795532,2.45600004196167,2.634500026702881,4.203799986839295,5.539000008106232,7.192100023031235,27.970597896774947,-0.4785090039205726,-0.5851506490867504,0.1066416451661778,3.2602627788115908,2.634500026702881,2.008737274594171,29.124864549082588,25.268275315931067,KZR
2023-04-26,2.450000047683716,2.509999990463257,2.359999895095825,2.369999885559082,2.369999885559082,696600,2.4480000019073485,2.4550000190734864,2.592500019073486,4.122199988365173,5.484600007534027,7.1538500201702115,26.45537862224051,-0.45722895640233174,-0.5595663105498667,0.10233735414753498,3.1689330435106564,2.592500019073486,2.016066994636316,31.540316503260982,28.02975715933219,KZR
2023-04-27,2.369999885559082,2.509999990463257,2.3299999237060547,2.3399999141693115,2.3399999141693115,668900,2.421999979019165,2.44300000667572,2.5480000138282777,4.037399988174439,5.433200006484985,7.1149500203132625,25.889004063591685,-0.43773912821369354,-0.5352008740826321,0.09746174586893852,3.0537905242076318,2.5480000138282777,2.0422095034489236,33.022522622828525,31.229234558390658,KZR
2023-04-28,2.3499999046325684,2.450000047683716,2.319999933242798,2.430000066757202,2.430000066757202,686700,2.4099999904632567,2.4480000019073485,2.5115000128746034,3.9547999906539917,5.383200008869171,7.076100021600723,30.68340206111638,-0.4103013403584477,-0.5102209673377952,0.09991962697934753,2.933839947035343,2.5115000128746034,2.089160078713864,35.016837442669754,33.19322552291971,KZR
2023-05-01,2.4000000953674316,2.509999990463257,2.3499999046325684,2.490000009536743,2.490000009536743,549300,2.415999984741211,2.447000002861023,2.4795000076293947,3.8777999877929688,5.337400007247925,7.038100020885468,33.75995455258335,-0.3793423790494632,-0.4840452496801288,0.10470287063066558,2.792324229110601,2.4795000076293947,2.1666757861481885,46.12796572384598,38.05577526311472,KZR
2023-05-02,2.5299999713897705,2.5299999713897705,2.440000057220459,2.5,2.5,1113400,2.425999975204468,2.45,2.45200001001358,3.79479998588562,5.29050000667572,6.9992500185966495,34.28347675154183,-0.3499660724707172,-0.4572294142382465,0.10726334176752927,2.624696294367755,2.45200001001358,2.279303725659405,60.49386204570222,47.21288840407262,KZR
2023-05-03,2.5199999809265137,2.640000104904175,2.4800000190734863,2.609999895095825,2.609999895095825,870200,2.4739999771118164,2.4609999895095824,2.4455000042915342,3.723599982261658,5.246300003528595,6.963750017881393,39.909454322574774,-0.3141873099017114,-0.42862099337093945,0.11443368346922805,2.5798837798164262,2.4455000042915342,2.3111162287666422,75.98204147747117,60.86795641567309,KZR
2023-05-04,2.5799999237060547,2.640000104904175,2.4800000190734863,2.5999999046325684,2.5999999046325684,734600,2.525999975204468,2.4739999771118164,2.4575000047683715,3.648999981880188,5.20190000295639,6.925450016260147,39.57773834628585,-0.2833727537389983,-0.3995713454445512,0.11619859170555291,2.6017046828656065,2.4575000047683715,2.3132953266711365,82.92645748400925,73.13412033572752,KZR
2023-05-05,2.619999885559082,2.7200000286102295,2.5899999141693115,2.640000104904175,2.640000104904175,783300,2.567999982833862,2.4889999866485595,2.4640000104904174,3.575399980545044,5.158400006294251,6.886500015258789,41.66634682864708,-0.25281007690906376,-0.3702190917374537,0.11740901482838995,2.627511467269155,2.4640000104904174,2.3004885537116797,86.13633325320113,81.68161073822715,KZR
2023-05-08,2.640000104904175,2.700000047683716,2.5799999237060547,2.640000104904175,2.640000104904175,910000,2.598000001907349,2.5069999933242797,2.478000020980835,3.5041999864578246,5.110900008678437,6.847900017499923,41.66634682864708,-0.2259839332171314,-0.34137206003338927,0.11538812681625787,2.6511588993823927,2.478000020980835,2.3048411425792774,82.49999726812668,83.85426266844564,KZR
2023-05-09,2.609999895095825,2.6500000953674316,2.549999952316284,2.5999999046325684,2.5999999046325684,389700,2.6179999828338625,2.521999979019165,2.4890000104904173,3.4303999853134157,5.065300009250641,6.811450015306473,40.06035183835218,-0.20558188295916846,-0.3142140246185451,0.10863214165937662,2.6638027452467363,2.4890000104904173,2.3141972757340983,76.66667461395078,81.76766837842615,KZR
2023-05-10,2.619999885559082,2.740000009536743,2.559999942779541,2.5999999046325684,2.5999999046325684,478600,2.6159999847412108,2.5449999809265136,2.5,3.3565999841690064,5.019200007915497,6.775850013494492,40.06035183835218,-0.18725455716778283,-0.2888221311283926,0.10156757396060978,2.673666337652397,2.5,2.326333662347603,72.22221591485358,77.12962926564363,KZR
2023-05-11,2.630000114440918,2.6500000953674316,2.559999942779541,2.5999999046325684,2.5999999046325684,401100,2.6159999847412108,2.5709999799728394,2.5069999933242797,3.296199984550476,4.977400004863739,6.740350013971328,40.06035183835219,-0.17076158616692183,-0.26521002213609846,0.09444843596917663,2.6848875814328768,2.5069999933242797,2.3291124052156826,67.77775721575638,72.22221591485352,KZR
2023-05-12,2.5999999046325684,2.6500000953674316,2.5,2.619999885559082,2.619999885559082,458200,2.6119999408721926,2.589999961853027,2.518999981880188,3.2399999856948853,4.9332000041008,6.703750015497207,41.46920157743806,-0.1542983017343098,-0.24302767805574071,0.08872937632143091,2.69334445808596,2.518999981880188,2.3446555056744156,68.25394752975693,69.41797355345558,KZR
2023-05-15,2.619999885559082,3.069999933242798,2.559999942779541,3.009999990463257,3.009999990463257,1145600,2.6859999179840086,2.6419999599456787,2.5444999814033507,3.187199983596802,4.897200002670288,6.669700016975403,60.81212243140362,-0.1085302123803995,-0.21612818492067248,0.10759797254027298,2.82007029603133,2.5444999814033507,2.2689296667753713,76.69840082470155,70.91003519007158,KZR
2023-05-16,2.9800000190734863,3.0799999237060547,2.809999942779541,3.049999952316284,3.049999952316284,1215700,2.775999927520752,2.696999955177307,2.5734999775886536,3.1331999826431276,4.85900000333786,6.636100014448166,62.19218483330382,-0.06824433103073657,-0.1865514141426853,0.11830708311194874,2.923601383919061,2.5734999775886536,2.223398571258246,86.49373000782079,77.14869278742638,KZR
2023-05-17,3.069999933242798,3.069999933242798,2.799999952316284,2.819999933242798,2.819999933242798,623800,2.819999933242798,2.7179999589920043,2.5894999742507934,3.0747999858856203,4.818300004005432,6.603450012207031,51.05788776615658,-0.05425118527226758,-0.16009136836860177,0.1058401830963342,2.953668879332173,2.5894999742507934,2.225331069169414,84.61403914435753,82.60205665895991,KZR
2023-05-18,2.7899999618530273,2.7899999618530273,2.569999933242798,2.640000104904175,2.640000104904175,735900,2.827999973297119,2.721999979019165,2.5979999780654905,3.015199990272522,4.773800003528595,6.568150013685226,44.36389067999269,-0.05702860797543963,-0.13947881628996933,0.0824502083145297,2.958532911937496,2.5979999780654905,2.237467044193485,67.18938786581337,79.43238567266387,KZR
2023-05-19,2.7100000381469727,3.0,2.6500000953674316,2.9200000762939453,2.9200000762939453,1053200,2.888000011444092,2.749999976158142,2.619499981403351,2.9687999963760374,4.734600002765656,6.533300012350082,54.382827101189854,-0.03621857268357909,-0.11882676756869129,0.0826081948851122,3.0023041217200737,2.619499981403351,2.236695841086628,60.17184897665905,70.6584253289433,KZR
2023-05-22,2.9100000858306885,3.049999952316284,2.880000114440918,3.0399999618530273,3.0399999618530273,600400,2.894000005722046,2.7899999618530273,2.6484999775886537,2.9367999982833863,4.6990000033378605,6.498500012159347,57.88330009485858,-0.009929026268621133,-0.09704721930867725,0.08711819304005612,3.06497447988202,2.6484999775886537,2.2320254752952873,69.35313701724745,65.57145795323993,KZR
2023-05-23,3.0399999618530273,3.119999885559082,3.0,3.0199999809265137,3.0199999809265137,501000,2.888000011444092,2.831999969482422,2.6769999742507933,2.8941999959945677,4.6632000041007995,6.461750012636185,57.0968986246146,0.009185907928659809,-0.07580059386120984,0.08498650178986965,3.112802702423875,2.6769999742507933,2.2411972460777116,84.23612296650498,71.25370298680379,KZR
2023-05-24,3.0199999809265137,3.0199999809265137,2.799999952316284,2.819999933242798,2.819999933242798,1016500,2.888000011444092,2.853999972343445,2.6994999766349794,2.8469999980926515,4.621100001335144,6.423400013446808,49.80926739267035,0.008102893505279596,-0.059019896387911955,0.06712278989319155,3.1155997293589373,2.6994999766349794,2.2834002239110216,76.44041741946484,76.67655913440572,KZR
2023-05-25,2.799999952316284,2.809999942779541,2.6600000858306885,2.7100000381469727,2.7100000381469727,535300,2.901999998092651,2.8649999856948853,2.717999982833862,2.8089999961853027,4.577800002098083,6.386700012683868,46.30836372791016,-0.0016128831418256162,-0.04753849373869469,0.045925610596869074,3.100026152847516,2.717999982833862,2.335973812820208,56.61963125784007,72.43205721460326,KZR
2023-05-26,2.680000066757202,2.9000000953674316,2.6600000858306885,2.859999895095825,2.859999895095825,756100,2.8899999618530274,2.8889999866485594,2.7394999742507933,2.789799995422363,4.537100002765656,6.350800012350082,51.33177536654328,0.0027592221264973738,-0.037478950565656276,0.04023817269215365,3.1021830324931616,2.7394999742507933,2.376816916008425,47.849464019553444,60.30317089895274,KZR
2023-05-30,2.859999895095825,2.930000066757202,2.7699999809265137,2.8499999046325684,2.8499999046325684,554500,2.8519999504089357,2.872999978065491,2.757499969005585,2.7715999937057494,4.493700001239777,6.316250010728836,50.989272376752595,0.005355496563282269,-0.028912061139868564,0.03426755770315083,3.104249160692819,2.757499969005585,2.4107507773183507,49.462366004888395,51.31048709409393,KZR
2023-05-31,2.859999895095825,3.0,2.759999990463257,2.7799999713897705,2.7799999713897705,2168800,2.8039999485015867,2.8459999799728393,2.7714999675750733,2.753799991607666,4.4525,6.278400008678436,48.54737955531241,0.001744543153209488,-0.022780740281252952,0.02452528343446244,3.0975229810416884,2.7714999675750733,2.4454769541084582,53.225803970669936,50.17921133170389,KZR
2023-06-01,2.8399999141693115,2.890000104904175,2.759999990463257,2.7799999713897705,2.7799999713897705,396600,2.7959999561309816,2.8419999837875367,2.7799999713897705,2.736199989318848,4.4118999981880185,6.238550008535385,48.54737955531241,-0.001104432232496677,-0.018445478671501696,0.01734104643900502,3.0974901293179533,2.7799999713897705,2.4625098134615877,48.92473200977674,50.537633995111655,KZR
2023-06-02,2.819999933242798,2.880000114440918,2.7300000190734863,2.859999895095825,2.859999895095825,431100,2.825999927520752,2.8639999628067017,2.792999970912933,2.722799987792969,4.376999998092652,6.199450006484986,51.618443992796834,0.003057810963031482,-0.01414482074459506,0.017202631707626544,3.101097347050632,2.792999970912933,2.4849025947752343,47.9646712061218,50.03840239552279,KZR
2023-06-05,2.869999885559082,3.009999990463257,2.859999895095825,2.9100000858306885,2.9100000858306885,664800,2.8359999656677246,2.862999963760376,2.806499969959259,2.713999991416931,4.345899999141693,6.164450007677078,53.48706797969777,0.010272600067004145,-0.009261336582275218,0.01953393664927936,3.110228478440662,2.806499969959259,2.5027714614778565,53.516978165099935,50.13546046033279,KZR
2023-06-06,2.9600000381469727,3.0799999237060547,2.8299999237060547,3.059999942779541,3.059999942779541,489900,2.8779999732971193,2.8649999618530275,2.8274999618530274,2.7081999921798707,4.315099999904633,6.13000000834465,58.64709503063145,0.027773946499745517,-0.001854279965871071,0.029628226465616588,3.140221906170162,2.8274999618530274,2.514778017535893,68.16018633338057,56.54727856820074,KZR
2023-06-07,3.0399999618530273,3.130000114440918,2.9000000953674316,2.9100000858306885,2.9100000858306885,362200,2.903999996185303,2.853999972343445,2.8429999709129334,2.695399994850159,4.275199999809265,6.093900008201599,52.38821604348228,0.029203514842871314,0.004357278995877407,0.024846235846993907,3.1393848764298347,2.8429999709129334,2.546615065396032,70.54114226222775,64.07276892023606,KZR
2023-06-08,2.880000114440918,2.9100000858306885,2.4600000381469727,2.4700000286102295,2.4700000286102295,1246300,2.8420000076293945,2.818999981880188,2.8364999771118162,2.6805999946594237,4.231499998569489,6.0565500104427334,39.17961585566662,-0.005108976231729567,0.0024640279503560115,-0.007573004182085579,3.1585108425957755,2.8364999771118162,2.514489111627857,50.43258252861154,63.04463704140659,KZR
2023-06-09,2.509999990463257,2.5199999809265137,2.359999895095825,2.440000057220459,2.440000057220459,1166900,2.758000040054321,2.7919999837875364,2.828499984741211,2.664799995422363,4.190299999713898,6.0185000097751615,38.467468956240495,-0.03432692021891448,-0.004894161683498087,-0.029432758535416395,3.1801972670966876,2.828499984741211,2.4768027023857346,24.198819174042214,48.39084798829381,KZR
2023-06-12,2.4000000953674316,2.490000009536743,2.3499999046325684,2.450000047683716,2.450000047683716,1110200,2.6660000324249267,2.750999999046326,2.8199999928474426,2.650599994659424,4.151199998855591,5.977750008106232,38.86635891664375,-0.05602956176486584,-0.015121241699771639,-0.040908320065094206,3.198629047683667,2.8199999928474426,2.441370938011218,8.234230639027727,27.62187744722713,KZR
2023-06-13,2.5,2.7300000190734863,2.4700000286102295,2.6600000858306885,2.6600000858306885,1406400,2.5860000610351563,2.7320000171661376,2.802499997615814,2.641199994087219,4.115299999713898,5.941200007200241,46.682973808037204,-0.05564240253398811,-0.023225473866614936,-0.032416928667373175,3.1767124453831497,2.802499997615814,2.4282875498484784,20.984586160228265,17.80587865776604,KZR
2023-06-14,2.6600000858306885,2.740000009536743,2.5999999046325684,2.5999999046325684,2.5999999046325684,1122700,2.5240000247955323,2.7140000104904174,2.7799999952316283,2.632199993133545,4.0770999979972835,5.905750008821488,44.915893184180334,-0.059491310439743206,-0.03047864118124059,-0.029012669258502616,3.1460054154799653,2.7799999952316283,2.4139945749832914,28.205134475174663,19.141317091476854,KZR
2023-06-15,2.5999999046325684,2.690000057220459,2.369999885559082,2.640000104904175,2.640000104904175,1091200,2.5580000400543215,2.700000023841858,2.7710000038146974,2.6301999950408934,4.035499997138977,5.869550008773803,46.37327521930919,-0.05863797375803026,-0.03611050769659852,-0.022527466061431738,3.1414537298309146,2.7710000038146974,2.40054627779848,36.32479285608472,28.50483783049585,KZR
2023-06-16,2.6600000858306885,2.690000057220459,2.490000009536743,2.5199999809265137,2.5199999809265137,6216500,2.574000024795532,2.6660000324249267,2.7649999976158144,2.6333999967575075,3.9905999946594237,5.832950007915497,42.72154827512418,-0.06687382557817623,-0.04226317127291406,-0.024610654305262165,3.147439496643849,2.7649999976158144,2.3825604985877797,30.341883999407457,31.623937110222247,KZR
2023-06-20,2.5399999618530273,2.5999999046325684,2.4800000190734863,2.5,2.5,734400,2.584000015258789,2.625000023841858,2.743999993801117,2.633199996948242,3.947599992752075,5.794050009250641,42.12614013991494,-0.07415976123108159,-0.04864248926454757,-0.02551727196653402,3.1360917746958146,2.743999993801117,2.3519082129064195,26.068384950941862,30.911687268811317,KZR
2023-06-21,2.5199999809265137,2.5199999809265137,2.4000000953674316,2.430000066757202,2.430000066757202,654700,2.5380000114440917,2.562000036239624,2.7134999990463258,2.63460000038147,3.904599993228912,5.755700007677079,40.02363513126873,-0.08460703014966597,-0.05583539744157125,-0.028771632708094727,3.1036422302189797,2.7134999990463258,2.323357767873672,17.094026760338693,24.501431903562644,KZR
2023-06-22,2.4000000953674316,2.430000066757202,2.2899999618530273,2.309999942779541,2.309999942779541,1422600,2.4800000190734863,2.502000021934509,2.677999997138977,2.633199996948242,3.8586999917030336,5.718000005483628,36.64694008081541,-0.10140068913367317,-0.06494845577999163,-0.03645223335368154,3.0791782259919915,2.677999997138977,2.2768217682859624,10.622718081719885,17.928376597666784,KZR
2023-06-23,2.2899999618530273,2.4100000858306885,2.25,2.380000114440918,2.380000114440918,3929800,2.428000020980835,2.493000030517578,2.656000006198883,2.633199996948242,3.812499992847443,5.682750004529953,39.8356612993647,-0.10781849157683165,-0.07352246293935963,-0.034296028637472026,3.071615167793237,2.656000006198883,2.2403848446045287,9.136705438940789,12.284483426999758,KZR
2023-06-26,2.359999895095825,2.430000066757202,2.3299999237060547,2.369999885559082,2.369999885559082,603800,2.3980000019073486,2.4860000133514406,2.6389999985694885,2.6313999938964843,3.764499990940094,5.646250003576279,39.52955910381418,-0.11241572267156874,-0.08130111488580145,-0.031114607785767287,3.071846362329906,2.6389999985694885,2.206153634809071,10.263345630794374,10.007589717151653,KZR
2023-06-27,2.380000114440918,2.4100000858306885,2.2899999618530273,2.3499999046325684,2.3499999046325684,584900,2.3679999828338625,2.4759999990463255,2.6134999990463257,2.6307999897003174,3.718999989032745,5.610100003480912,38.88599479321235,-0.11633189112259101,-0.08830727013315937,-0.028024620989431648,3.051325300649682,2.6134999990463257,2.1756746974429695,13.257570421072487,10.885873830269185,KZR
2023-06-28,2.359999895095825,2.430000066757202,2.3299999237060547,2.4100000858306885,2.4100000858306885,622900,2.3639999866485595,2.4509999990463256,2.5915000081062316,2.628999991416931,3.669999990463257,5.5732000041008,41.939899147537524,-0.11328805547015053,-0.09330342720055759,-0.019984628269592936,3.023762657644577,2.5915000081062316,2.159237358567886,16.414135667137888,13.311683906334887,KZR
2023-06-29,2.430000066757202,2.440000057220459,2.2899999618530273,2.380000114440918,2.380000114440918,576000,2.378000020980835,2.4290000200271606,2.5715000152587892,2.627199993133545,3.6227999925613403,5.536200006008148,40.84098477928225,-0.11200541208727843,-0.09704382417790176,-0.01496158790937667,3.0040401788307065,2.5715000152587892,2.138959851686872,20.712231075629223,16.794645721279835,KZR
2023-06-30,2.4000000953674316,2.4700000286102295,2.369999885559082,2.450000047683716,2.450000047683716,362300,2.3920000076293944,2.4100000143051146,2.5550000190734865,2.6261999940872194,3.578999993801117,5.501450008153915,44.495471249809725,-0.10414003684671647,-0.0984630667116647,-0.005676970135051765,2.9795703850779773,2.5550000190734865,2.1304296530689957,30.529801548614667,22.55205609712723,KZR
2023-07-03,2.430000066757202,2.4600000381469727,2.390000104904175,2.4600000381469727,2.4600000381469727,186500,2.410000038146973,2.4040000200271607,2.5350000262260437,2.625999994277954,3.5357999920845034,5.461800006628036,45.018002870425654,-0.09599320473414474,-0.09796909431616072,0.0019758895820159716,2.9373183221486574,2.5350000262260437,2.13268173030343,36.73470678651178,29.325579803585196,KZR
2023-07-05,2.4600000381469727,2.4700000286102295,2.359999895095825,2.440000057220459,2.440000057220459,484700,2.428000068664551,2.3980000257492065,2.511500024795532,2.6249999952316285,3.495099990367889,5.424850007295609,44.123324247500555,-0.09011185948072198,-0.09639764734907297,0.006285787868350989,2.876645202562754,2.511500024795532,2.1463548470283103,40.81633546758509,36.02694793423715,KZR
2023-07-06,2.4100000858306885,2.440000057220459,2.369999885559082,2.380000114440918,2.380000114440918,337700,2.4220000743865966,2.393000030517578,2.4775000333786013,2.6233999967575072,3.4543999934196474,5.3908500063419345,41.461198153091296,-0.08926337234457637,-0.09497079234817365,0.00570742000359728,2.7458189042397594,2.4775000333786013,2.209181162517443,37.05938254921285,38.20347493443654,KZR
2023-07-07,2.380000114440918,2.490000009536743,2.380000114440918,2.4800000190734863,2.4800000190734863,244900,2.4420000553131103,2.410000038146973,2.456000030040741,2.6239999961853027,3.4138999915122987,5.359950007200241,47.18103590853177,-0.07960415644278118,-0.09189746516709515,0.012293308724313973,2.6369309748721452,2.456000030040741,2.2750690852093367,40.197907549747526,39.35787518884846,KZR
2023-07-10,2.5,2.609999895095825,2.4800000190734863,2.509999990463257,2.509999990463257,387200,2.4540000438690184,2.4230000257492064,2.4580000281333922,2.6267999982833863,3.37449999332428,5.330200006961823,48.7973950920719,-0.06873606471150362,-0.08726518507597684,0.018529120364473226,2.6403842543735956,2.4580000281333922,2.275615801893189,51.346814046972355,42.86803471531088,KZR
2023-07-11,2.509999990463257,2.5999999046325684,2.4700000286102295,2.5299999713897705,2.5299999713897705,342800,2.468000030517578,2.4390000343322753,2.4625000238418577,2.6305999994277953,3.333999993801117,5.302600005865097,49.89816128911415,-0.057842420976775166,-0.08138063225613651,0.023538211279361343,2.6473107505623323,2.4625000238418577,2.277689297121383,67.42425264114236,52.98965807928738,KZR
2023-07-12,2.5899999141693115,2.5999999046325684,2.490000009536743,2.5399999618530273,2.5399999618530273,202400,2.488000011444092,2.4580000400543214,2.4670000195503237,2.632799997329712,3.293799993991852,5.275250004529953,50.47150212186753,-0.04785062199122336,-0.07467463020315387,0.02682400821193051,2.654733881874072,2.4670000195503237,2.279266157226575,76.85186718226912,65.20764462346125,KZR
2023-07-13,2.5399999618530273,2.569999933242798,2.4600000381469727,2.4700000286102295,2.4700000286102295,213900,2.5059999942779543,2.464000034332275,2.4575000166893006,2.6323999977111816,3.255099992752075,5.247500002384186,46.463279864318416,-0.045061023477852125,-0.06875190885809353,0.023690885380241403,2.6231351510647793,2.4575000166893006,2.291864882313822,73.14816593143216,72.47476191828117,KZR
2023-07-14,2.4700000286102295,2.5,2.4100000858306885,2.430000066757202,2.430000066757202,295200,2.4960000038146974,2.4690000295639036,2.449000024795532,2.6309999990463258,3.2128999924659727,5.219700003862381,44.29836939796249,-0.04555280480775625,-0.06411208804802607,0.018559283240269814,2.601433630431871,2.449000024795532,2.2965664191591935,61.805582402947586,70.60187183888293,KZR
2023-07-17,2.4600000381469727,2.490000009536743,2.4100000858306885,2.4200000762939453,2.4200000762939453,344800,2.478000020980835,2.466000032424927,2.4380000233650208,2.627200002670288,3.175399992465973,5.18975000500679,43.74955136567355,-0.0462167033247467,-0.06053301110337019,0.014316307778623492,2.5629960124355726,2.4380000233650208,2.313004034294469,48.49540767118942,61.14971866852303,KZR
2023-07-18,2.440000057220459,2.440000057220459,2.3399999141693115,2.359999895095825,2.359999895095825,367000,2.444000005722046,2.456000018119812,2.4300000190734865,2.6224000024795533,3.1356999921798705,5.157950003147125,40.50685132184489,-0.050996504898594974,-0.05862570986241515,0.007629204963820177,2.553450423702433,2.4300000190734865,2.30654961444454,35.416689949735925,48.57256000795761,KZR
2023-07-19,2.3499999046325684,2.430000066757202,2.2899999618530273,2.390000104904175,2.390000104904175,676400,2.4140000343322754,2.4510000228881834,2.424500024318695,2.6174000024795534,3.0963999915122984,5.126800004243851,42.79013822445816,-0.05176702780053288,-0.0572539734500387,0.005486945649505817,2.544745613820372,2.424500024318695,2.304254434817018,31.25002638747849,38.38737466946792,KZR
2023-07-20,2.4000000953674316,2.4800000190734863,2.359999895095825,2.4200000762939453,2.4200000762939453,403300,2.4040000438690186,2.4550000190734864,2.4240000247955322,2.6130000019073485,3.0585999941825865,5.0958500063419345,45.06082332131487,-0.04938761608519737,-0.05568070197707044,0.006293085891873065,2.544233138410689,2.4240000247955322,2.3037669111803756,31.25002638747849,32.63891424156427,KZR
2023-07-21,2.450000047683716,2.549999952316284,2.4000000953674316,2.4100000858306885,2.4100000858306885,293000,2.400000047683716,2.4480000257492067,2.4290000319480898,2.609200005531311,3.019799995422363,5.0639000058174135,44.42782222074196,-0.047758302828539545,-0.05409622214736426,0.006337919318824714,2.537609411109202,2.4290000319480898,2.3203906527869775,36.45838067557412,32.98614448351034,KZR
2023-07-24,2.4200000762939453,2.430000066757202,2.2699999809265137,2.2799999713897705,2.2799999713897705,390200,2.3720000267028807,2.425000023841858,2.4240000247955322,2.602800006866455,2.9796999955177306,5.032750004529953,37.12626581624512,-0.056307900684524625,-0.05453855785479633,-0.0017693428297282932,2.5491239720710217,2.4240000247955322,2.2988760775200427,27.022088404037774,31.57683182236343,KZR
2023-07-25,2.2899999618530273,2.299999952316284,2.200000047683716,2.2200000286102295,2.2200000286102295,411100,2.344000053405762,2.394000029563904,2.4165000319480896,2.595200009346008,2.945699996948242,5.002450006008148,34.32256337562073,-0.06715093830698882,-0.05706103394523483,-0.010089904361753985,2.5687202648087784,2.4165000319480896,2.264279799087401,15.106422306046866,26.195630461886225,KZR
2023-07-26,2.259999990463257,2.2899999618530273,2.2100000381469727,2.259999990463257,2.259999990463257,254600,2.3180000305175783,2.366000032424927,2.412000036239624,2.588000011444092,2.9139999985694884,4.974900006055832,37.70033133009792,-0.07169006269748701,-0.059986839695685266,-0.011703223001801745,2.576632957178942,2.412000036239624,2.2473671153003063,7.484452727859519,16.537654479314693,KZR
2023-07-27,2.2699999809265137,2.319999933242798,2.130000114440918,2.140000104904175,2.140000104904175,257600,2.262000036239624,2.3330000400543214,2.3985000371932985,2.57060001373291,2.878899998664856,4.947250006198883,32.32868304939394,-0.08400201640760496,-0.06478987503806921,-0.01921214136953575,2.601406398180271,2.3985000371932985,2.195593676206326,7.1985053579884335,9.929793463964911,KZR
2023-07-28,2.1500000953674316,2.25,2.1500000953674316,2.200000047683716,2.200000047683716,330400,2.2200000286102295,2.3100000381469727,2.3895000338554384,2.5536000156402587,2.843399999141693,4.920000005960464,37.15058452410568,-0.0879045258287583,-0.06941280519620703,-0.018491720632551265,2.6100878640440994,2.3895000338554384,2.1689122036667774,10.53702653208047,8.406661539309447,KZR
2023-07-31,2.259999990463257,2.2799999713897705,2.190000057220459,2.240000009536743,2.240000009536743,226700,2.212000036239624,2.2920000314712525,2.3790000319480895,2.5420000171661377,2.8084000015258788,4.89135000705719,40.20931129455935,-0.08676940632909247,-0.07288412542278412,-0.013885280906308348,2.606938602152303,2.3790000319480895,2.151061461743876,13.46039507048281,10.398642320183876,KZR
2023-08-01,2.240000009536743,2.2699999809265137,2.1700000762939453,2.190000057220459,2.190000057220459,232300,2.20600004196167,2.275000047683716,2.365500032901764,2.5330000162124633,2.7741000032424927,4.863150007724762,37.73700878067917,-0.08887984273117677,-0.07608326888446265,-0.012796573846714121,2.604370269177247,2.365500032901764,2.126629796626281,17.31140305342449,13.769608218662562,KZR
2023-08-02,2.180000066757202,2.2200000286102295,2.130000114440918,2.190000057220459,2.190000057220459,170900,2.1920000553131103,2.255000042915344,2.3530000329017637,2.5184000158309936,2.7436000061035157,4.832500009536743,37.73700878067917,-0.0895204428441354,-0.0787707036763972,-0.010749739167738206,2.600959681527177,2.3530000329017637,2.1050403842763505,17.10876862345808,15.96018891578843,KZR
2023-08-03,2.190000057220459,2.2200000286102295,2.130000114440918,2.1500000953674316,2.1500000953674316,230200,2.1940000534057615,2.228000044822693,2.3415000319480894,2.5006000185012818,2.718700008392334,4.801500008106232,35.700400887748735,-0.09219304168052211,-0.08145517127722218,-0.010737870403299932,2.604275566018261,2.3415000319480894,2.078724497877918,10.894654827445349,15.104942168109277,KZR
2023-08-04,2.1700000762939453,2.2300000190734863,2.119999885559082,2.130000114440918,2.130000114440918,202700,2.180000066757202,2.200000047683716,2.3240000367164613,2.48280002117157,2.688500008583069,4.771100008487702,34.6922464632715,-0.0948317652680628,-0.08413049007539031,-0.0107012751926725,2.594066650180238,2.3240000367164613,2.0539334232526847,7.124414165870223,11.709279205591189,KZR
2023-08-07,2.130000114440918,2.1600000858306885,2.069999933242798,2.109999895095825,2.109999895095825,245300,2.1540000438690186,2.1830000400543215,2.3040000319480898,2.4686000204086302,2.657800009250641,4.74460000872612,33.668327992539304,-0.09741389651354426,-0.0867871713630211,-0.010626725150523167,2.575248977584415,2.3040000319480898,2.0327510863117646,5.14028712542859,7.719785372914693,KZR
2023-08-08,2.119999885559082,2.130000114440918,2.0399999618530273,2.049999952316284,2.049999952316284,144000,2.1260000228881837,2.1660000324249267,2.2800000309944153,2.4554000186920164,2.6322000074386596,4.717950007915497,30.73742652184896,-0.10311312416106633,-0.09005236192263014,-0.013060762238436191,2.5519559169222297,2.2800000309944153,2.008044145066601,4.206580599327346,5.490427296875358,KZR
2023-08-09,2.0299999713897705,2.069999933242798,1.9800000190734863,2.009999990463257,2.009999990463257,277000,2.0900000095367433,2.1410000324249268,2.2535000324249266,2.4384000205993654,2.614100008010864,4.691700006723404,28.929369737690187,-0.10959413281721764,-0.09396071610154763,-0.015633416715670007,2.522221106704786,2.2535000324249266,1.9847789581450672,5.18575367572006,4.84420713349197,KZR
2023-08-10,2.009999990463257,2.0799999237060547,2.0,2.049999952316284,2.049999952316284,226900,2.0699999809265135,2.1320000171661375,2.2325000286102297,2.4224000215530395,2.5970000076293944,4.66550000667572,33.16330498882404,-0.1102320300174684,-0.09721497888473178,-0.013017051132736615,2.4958534450916665,2.2325000286102297,1.969146612128793,7.593158348182306,5.661830874409876,KZR
2023-08-11,1.9199999570846558,1.9500000476837158,1.350000023841858,1.5099999904632568,1.5099999904632568,1490900,1.9459999561309815,2.0630000114440916,2.1865000247955324,2.397000021934509,2.575400006771088,4.6357000076770785,17.771359187954815,-0.15255252158978738,-0.1082824874257429,-0.044270034164044486,2.583351418366854,2.1865000247955324,1.7896486312242108,12.437845341491226,8.405585788464503,KZR
2023-08-14,1.5,1.5800000429153442,1.409999966621399,1.5499999523162842,1.5499999523162842,555400,1.8339999675750733,1.994000005722046,2.1430000185966493,2.3724000215530396,2.5543000054359437,4.6053500080108645,20.707118533404,-0.1807802314591429,-0.1227820362324229,-0.057998195226720006,2.612088539097371,2.1430000185966493,1.6739114980959278,17.556311261907172,12.529104983860208,KZR
2023-08-15,1.5499999523162842,1.5700000524520874,1.440000057220459,1.5399999618530273,1.5399999618530273,509400,1.731999969482422,1.9289999961853028,2.102000021934509,2.3460000228881834,2.534400005340576,4.575200006961823,20.509972919497503,-0.20163350502383603,-0.13855232999070552,-0.06308117503313052,2.6279506522856924,2.102000021934509,1.576049391583326,18.900339672769274,16.298165425389197,KZR
2023-08-16,1.5299999713897705,1.590000033378601,1.440000057220459,1.4500000476837158,1.4500000476837158,735500,1.6199999809265138,1.8549999952316285,2.0550000190734865,2.316800022125244,2.5154000067710878,4.545950006246567,18.77725909121126,-0.22285320247949447,-0.1554125044884633,-0.06744069799103117,2.6348448674748144,2.0550000190734865,1.4751551706721586,16.986288966692005,17.81431330045612,KZR
2023-08-17,1.4299999475479126,1.4500000476837158,1.3700000047683716,1.3899999856948853,1.3899999856948853,309600,1.4879999876022338,1.7789999842643738,2.0035000145435333,2.283400022983551,2.495800007581711,4.514650005698204,17.703480598520812,-0.2417250136648943,-0.1726750063237495,-0.0690500073411448,2.625923541473341,2.0035000145435333,1.3810764876137258,11.547129018864458,15.811252552775217,KZR
2023-08-18,1.3600000143051147,1.3600000143051147,1.2699999809265137,1.2899999618530273,1.2899999618530273,440400,1.443999981880188,1.6949999690055848,1.9475000083446503,2.251000020503998,2.4732000076770784,4.483500005602837,16.055543600192017,-0.2617331295876788,-0.19048663097653534,-0.07124649861114346,2.6135593507047874,1.9475000083446503,1.2814406659845134,5.6845869481203115,11.406001644558897,KZR
2023-08-21,1.2999999523162842,1.3200000524520874,1.2300000190734863,1.2799999713897705,1.2799999713897705,600300,1.3899999856948853,1.6119999766349793,1.8975000083446503,2.2272000193595884,2.4539000070095063,4.4523500043153765,15.896190989593094,-0.2752240101956165,-0.20743410682035157,-0.06778990337526491,2.6050557039101445,1.8975000083446503,1.1899443127791562,3.767021577950968,6.999579181645217,KZR
2023-08-22,1.2799999713897705,1.409999966621399,1.2599999904632568,1.399999976158142,1.399999976158142,254200,1.3619999885559082,1.546999979019165,1.856500005722046,2.2064000177383423,2.4356000065803527,4.422550003528595,25.457248852140747,-0.2730846825400213,-0.22056422196428552,-0.052520460575735756,2.579418441825187,1.856500005722046,1.1335815696189049,7.999996344248487,5.817201623439892,KZR
2023-08-23,1.399999976158142,1.5099999904632568,1.3799999952316284,1.4700000286102295,1.4700000286102295,248400,1.365999984741211,1.4929999828338623,1.8170000076293946,2.1868000173568727,2.418700006008148,4.394250003099441,30.425912367290163,-0.26271244520638226,-0.22899386661270488,-0.033718578593677384,2.5337175704006643,1.8170000076293946,1.100282444858125,15.333330631256137,9.033449517818502,KZR
2023-08-24,1.4800000190734863,1.5099999904632568,1.350000023841858,1.5,1.5,372900,1.387999987602234,1.4379999876022338,1.7850000023841859,2.1636000156402586,2.402400004863739,4.365850003957749,32.50240143842565,-0.24919901430470204,-0.23303489615110431,-0.016164118153597723,2.498316237893737,1.7850000023841859,1.0716837668746346,23.344083530584054,15.559136835362864,KZR
2023-08-25,1.5199999809265137,1.6699999570846558,1.4800000190734863,1.649999976158142,1.649999976158142,392900,1.4599999904632568,1.4519999861717223,1.7574999988079072,2.14460001707077,2.3884000051021577,4.338800004124641,41.847901675430606,-0.22380588357077347,-0.23118909363503815,0.007383210064264678,2.4466988416328364,1.7574999988079072,1.068301155982978,33.23297061220159,23.970128258013897,KZR
2023-08-28,1.649999976158142,1.6699999570846558,1.5499999523162842,1.649999976158142,1.649999976158142,401500,1.533999991416931,1.4619999885559083,1.727999997138977,2.1248000144958494,2.3775000047683714,4.312050004005432,41.84790167543061,-0.2013604861744389,-0.2252233721429183,0.02386288596847938,2.381654373289424,1.727999997138977,1.07434562098853,41.70355869459984,32.760204279128466,KZR
2023-08-29,1.6399999856948853,1.690000057220459,1.559999942779541,1.659999966621399,1.659999966621399,368900,1.5859999895095824,1.4739999890327453,1.701499992609024,2.1076000142097473,2.370500005483627,4.288400004506111,42.4638338815747,-0.1806826344318151,-0.21631522460069766,0.035632590168882566,2.320120257575586,1.701499992609024,1.082879727642462,48.88888565110609,41.27513831930247,KZR
2023-08-30,1.659999966621399,1.6699999570846558,1.6100000143051147,1.6299999952316284,1.6299999952316284,184300,1.6179999828338623,1.4919999837875366,1.6734999895095826,2.0902000141143797,2.361700005531311,4.260400004386902,41.05882215836995,-0.1648161370869854,-0.2060154070979552,0.04119927001096982,2.2504324108839944,1.6734999895095826,1.0965675681351705,51.85185001220242,47.48143145263608,KZR
2023-08-31,1.6200000047683716,1.6299999952316284,1.4900000095367432,1.4900000095367432,1.4900000095367432,359600,1.615999984741211,1.5019999861717224,1.6404999852180482,2.0714000129699706,2.35300000667572,4.22975000500679,35.20479885247364,-0.16167496409918125,-0.1971473184982004,0.03547235439901916,2.1788483817545985,1.6404999852180482,1.1021515886814979,54.221839068574106,51.65419157729416,KZR
2023-09-01,1.5,1.600000023841858,1.5,1.5700000524520874,1.5700000524520874,299700,1.6,1.5299999952316283,1.6124999821186066,2.0566000151634216,2.344900006055832,4.197750006318092,40.43132151535689,-0.15098971159299168,-0.18791579711715867,0.036926085524166985,2.1021477822375907,1.6124999821186066,1.1228521819996227,61.99677567053135,56.02348825043592,KZR
2023-09-05,1.590000033378601,1.6100000143051147,1.5,1.5099999904632568,1.5099999904632568,393700,1.572000002861023,1.552999997138977,1.5824999868869782,2.0392000126838683,2.3362000048160554,4.165200003981591,37.95832663868769,-0.14568372427137666,-0.17946938254800227,0.03378565827662561,2.016959405338426,1.5824999868869782,1.1480405684355308,63.76811030832015,59.9955750158085,KZR
2023-09-06,1.5099999904632568,1.5299999713897705,1.409999966621399,1.4299999475479126,1.4299999475479126,306100,1.5259999990463258,1.555999994277954,1.5514999866485595,2.020400013923645,2.3259000039100646,4.134550004005432,34.893713396453876,-0.14624816812066443,-0.1728251396625347,0.026576971541870276,1.9334044185244497,1.5514999866485595,1.1695955547726693,59.420280089977126,61.72838868960951,KZR
2023-09-07,1.409999966621399,1.4299999475479126,1.3200000524520874,1.3200000524520874,1.3200000524520874,340300,1.4640000104904174,1.54099999666214,1.516999989748001,1.9998000168800354,2.3153000032901763,4.104100005030632,31.16757974122799,-0.15379867082366894,-0.16901984589476154,0.015221175071092607,1.8483064779864151,1.516999989748001,1.185693501509587,41.30433956331399,54.83090998720372,KZR
2023-09-08,1.309999942779541,1.340000033378601,1.190000057220459,1.2100000381469727,1.2100000381469727,312100,1.4080000162124633,1.5120000004768372,1.4749999940395355,1.9758000159263611,2.302400003671646,4.072650005221367,27.952995921516244,-0.16673654535522098,-0.16856318578685342,0.0018266404316324425,1.7294405423565724,1.4749999940395355,1.2205594457224986,22.347820308423707,41.0241466539049,KZR
2023-09-11,1.25,1.25,1.1699999570846558,1.2000000476837158,1.2000000476837158,293400,1.334000015258789,1.4670000076293945,1.4594999969005584,1.952200014591217,2.289700003862381,4.041200006604194,27.673562547808917,-0.17577064520629548,-0.17000467767074184,-0.00576596753555364,1.7399620926137773,1.4594999969005584,1.1790379011873395,9.778155430488566,24.476771767408717,KZR
2023-09-12,1.2000000476837158,1.25,1.1799999475479126,1.2200000286102295,1.2200000286102295,168200,1.2760000228881836,1.4240000128746033,1.4430000007152557,1.9276000142097474,2.2769000041484833,4.009250006079673,29.198001745138352,-0.1792501193153493,-0.17185376599966334,-0.007396353315685944,1.7386416524011357,1.4430000007152557,1.1473583490293757,6.461546595043082,12.862507444651747,KZR
2023-09-13,1.2300000190734863,1.2400000095367432,1.190000057220459,1.190000057220459,1.190000057220459,257700,1.2280000448226929,1.3770000219345093,1.4255000054836273,1.902200014591217,2.2641000044345856,3.976800007224083,28.23660755437648,-0.18232662672743483,-0.17394833814521765,-0.008378288582217175,1.737107102111183,1.4255000054836273,1.1138929088560716,6.410271987404198,7.5499913376452445,KZR
2023-09-14,1.2000000476837158,1.2300000190734863,1.190000057220459,1.2100000381469727,1.2100000381469727,170100,1.2060000419616699,1.3350000262260437,1.41350000500679,1.8776000142097473,2.251300004720688,3.945550007224083,29.893894202927413,-0.18106375939259545,-0.17537142239469322,-0.005692336997902225,1.738601495919609,1.41350000500679,1.0883985140939711,7.051296893658719,6.641038492035295,KZR
2023-09-15,1.2400000095367432,1.2999999523162842,1.2400000095367432,1.2899999618530273,1.2899999618530273,684700,1.2220000267028808,1.315000021457672,1.4085000038146973,1.8558000111579895,2.2396000039577486,3.915000006556511,36.23708146541381,-0.17162916845692378,-0.17462297160713933,0.0029938031502155515,1.7379404101043863,1.4085000038146973,1.0790595975250084,11.538471237440362,8.333346706167722,KZR
2023-09-18,1.3200000524520874,1.3200000524520874,1.2100000381469727,1.2200000286102295,1.2200000286102295,305400,1.2260000228881835,1.2800000190734864,1.4050000071525575,1.8306000113487244,2.2273000037670134,3.8831500059366224,33.39023587448964,-0.16786554723088676,-0.1732714867318888,0.005405939501002044,1.7408273102879779,1.4050000071525575,1.069172704017137,13.461545956203922,10.683771362434298,KZR
2023-09-19,1.2200000286102295,1.2400000095367432,1.1699999570846558,1.190000057220459,1.190000057220459,297900,1.2200000286102295,1.2480000257492065,1.4005000114440918,1.8042000126838684,2.2155000054836274,3.8500500065088272,32.22189472663949,-0.1653970035637351,-0.17169659009825805,0.00629958653452295,1.7452012902228744,1.4005000114440918,1.055798732665309,12.230778698619735,12.410265297421303,KZR
2023-09-20,1.1799999475479126,1.2000000476837158,1.1200000047683716,1.1399999856948853,1.1399999856948853,295400,1.2100000143051148,1.2190000295639039,1.3875000119209289,1.7764000129699706,2.203500006198883,3.818350006341934,30.31782562903801,-0.16556670293693854,-0.17047061266599414,0.0049039097290556055,1.7504255887508469,1.3875000119209289,1.0245744350910109,5.845660502240165,10.512661719021237,KZR
2023-09-21,1.2100000381469727,1.25,1.090000033378601,1.1699999570846558,1.1699999570846558,2439600,1.2019999980926515,1.2040000200271606,1.3725000083446504,1.7490000128746033,2.1909000051021574,3.7870500069856643,32.8806239973653,-0.1614196981419802,-0.16866042976119136,0.007240731619211155,1.7452130053117305,1.3725000083446504,0.9997870113775702,7.768728755016788,8.615055985292193,KZR
2023-09-22,1.100000023841858,1.190000057220459,1.100000023841858,1.1399999856948853,1.1399999856948853,429300,1.172000002861023,1.197000014781952,1.3545000076293945,1.7224000120162963,2.177400004863739,3.757400006055832,31.627921119366697,-0.15872423970247063,-0.16667319174944722,0.007948952046976598,1.7355236034042394,1.3545000076293945,0.9734764118545496,9.640514012006289,7.751634423087711,KZR
2023-09-25,1.2000000476837158,1.2200000286102295,1.1100000143051147,1.1200000047683716,1.1200000047683716,438700,1.1519999980926514,1.1890000104904175,1.328000009059906,1.6962000107765198,2.1636000049114226,3.7270500057935716,30.78584278076614,-0.15639903011918688,-0.16461835942339514,0.008219329304208267,1.6966515855230033,1.328000009059906,0.9593484325968087,10.606051117187583,9.33843129473685,KZR
2023-09-26,1.1399999856948853,1.2200000286102295,1.0800000429153442,1.0800000429153442,1.0800000429153442,405700,1.1299999952316284,1.175000011920929,1.299500012397766,1.6694000101089477,2.148300006389618,3.6973000049591063,29.116172156196996,-0.15598583973743452,-0.16289185548620302,0.006906015748768507,1.6519471523621125,1.299500012397766,0.9470528724334194,5.477850691518704,8.574805273570822,KZR
2023-09-27,1.100000023841858,1.159999966621399,1.100000023841858,1.149999976158142,1.149999976158142,308100,1.1319999933242797,1.1710000038146973,1.2740000128746032,1.6452000117301941,2.1338000071048735,3.667850005030632,35.68948742547307,-0.14830045841341755,-0.15997357607164592,0.011673117658228371,1.5903795244337493,1.2740000128746032,0.9576205013154571,11.247076170396193,9.110325993034124,KZR
2023-09-28,1.149999976158142,1.2000000476837158,1.1299999952316284,1.1799999475479126,1.1799999475479126,262400,1.1339999914169312,1.1679999947547912,1.2515000104904175,1.621000008583069,2.119200005531311,3.6388000059127807,38.32901430054003,-0.13819595443429544,-0.1556180517441758,0.01742209730988037,1.5244304043161931,1.2515000104904175,0.9785696166646418,22.86322583643853,13.196050899451107,KZR
2023-09-29,1.1799999475479126,1.2000000476837158,1.1699999570846558,1.190000057220459,1.190000057220459,165700,1.1440000057220459,1.1580000042915344,1.2365000128746033,1.5964000082015992,2.104700005054474,3.607800006866455,39.224464661797256,-0.12790670804447468,-0.15007578300423557,0.022169074959760893,1.4874402430120142,1.2365000128746033,0.9855597827371925,38.1410049939534,24.083769000262674,KZR
2023-10-02,1.1699999570846558,1.190000057220459,1.1299999952316284,1.149999976158142,1.149999976158142,303500,1.15,1.1509999990463258,1.215500009059906,1.5712000060081481,2.0902000057697294,3.5777500075101853,36.91553559138216,-0.12157859602272603,-0.14437634560793366,0.02279774958520764,1.4166442221292903,1.215500009059906,1.0143557959905216,38.88886681309544,33.29769921449576,KZR
2023-10-03,1.1399999856948853,1.1399999856948853,1.0299999713897705,1.0399999618530273,1.0399999618530273,294100,1.1419999837875365,1.1359999895095825,1.1920000076293946,1.5464000058174134,2.0746000063419343,3.5469000071287153,31.43542356327851,-0.1240100923488554,-0.140303094956118,0.016293002607262602,1.3565114044594417,1.1920000076293946,1.0274886107993475,26.149415591463452,34.39309579950406,KZR
2023-10-04,1.0299999713897705,1.0299999713897705,0.949999988079071,1.0099999904632568,1.0099999904632568,510700,1.1139999866485595,1.1229999899864196,1.1710000097751618,1.522200005054474,2.0587000072002413,3.51805000603199,30.12208100589644,-0.12689505052322514,-0.13762148606953944,0.010726435546314306,1.314513099829392,1.1710000097751618,1.0274869197209318,16.27704111370711,27.105107839421965,KZR
2023-10-05,1.0,1.0,0.8999999761581421,0.9300000071525574,0.9300000071525574,531900,1.0639999985694886,1.0989999949932099,1.1515000075101853,1.4956000053882599,2.041800008416176,3.4875000062584878,26.89517168813985,-0.1340910129977504,-0.13691539145518164,0.002824378457431248,1.3135216245026433,1.1515000075101853,0.9894783905177272,8.935782957965417,17.120746554378623,KZR
2023-10-06,0.9399999976158142,1.0199999809265137,0.8899999856948853,0.9599999785423279,0.9599999785423279,751200,1.0179999828338624,1.080999994277954,1.139000004529953,1.472000002861023,2.0213000082969668,3.4592500054836273,29.926755925651925,-0.13580761251225137,-0.1366938356665956,0.0008862231543442234,1.3186552454133316,1.139000004529953,0.9593447636465747,14.267839649736196,13.16022124046954,KZR
2023-10-09,0.9300000071525574,0.9599999785423279,0.8600000143051147,0.9200000166893005,0.9200000166893005,5816900,0.971999990940094,1.060999995470047,1.1250000029802323,1.4464000022411347,2.0000000089406966,3.4295000061392784,28.24490639408839,-0.1387957417097545,-0.13711421687522737,-0.0016815248345271316,1.3258482125445326,1.1250000029802323,0.924151793415932,13.990640490060814,12.398087699254107,KZR
2023-10-10,0.9200000166893005,1.0399999618530273,0.8999999761581421,1.0399999618530273,1.0399999618530273,443300,0.971999990940094,1.0569999873638154,1.1159999996423722,1.4224000012874602,1.982200009226799,3.4002500066161154,39.27117416513955,-0.12998250552140678,-0.13568787460446324,0.005705369083056466,1.3151381513593257,1.1159999996423722,0.9168618479254187,26.994297547575112,18.41759256245734,KZR
2023-10-11,1.0399999618530273,1.100000023841858,1.0299999713897705,1.0800000429153442,1.0800000429153442,369000,0.9860000014305115,1.0499999940395355,1.1104999989271165,1.400200001001358,1.9666000086069106,3.370200006067753,42.445971689891735,-0.11840537662218709,-0.13223137500800802,0.013825998385820937,1.3072206158190192,1.1104999989271165,0.9137793820352138,40.88318919593818,27.289375744524666,KZR
2023-10-12,1.059999942779541,1.100000023841858,0.8999999761581421,0.9200000166893005,0.9200000166893005,865800,0.9840000033378601,1.0240000009536743,1.0959999978542327,1.3748000001907348,1.9466000080108643,3.34060000538826,34.64416606292794,-0.12074916232177402,-0.1299349324707612,0.009185770148987193,1.303692072983372,1.0959999978542327,0.8883079227250934,41.31053923141059,36.39600865830793,KZR
2023-10-13,0.9599999785423279,0.9700000286102295,0.9300000071525574,0.9599999785423279,0.9599999785423279,189000,0.9840000033378601,1.0009999930858613,1.0794999986886977,1.3509999978542329,1.9258000081777573,3.3124000057578087,37.72586735303665,-0.1180185226813597,-0.12755165051288092,0.009533127831521215,1.2749968069129223,1.0794999986886977,0.8840031904644731,35.185183345535755,39.1263039242948,KZR
2023-10-16,0.9700000286102295,1.0099999904632568,0.9200000166893005,1.0,1.0,150600,1.0,0.985999995470047,1.0684999972581863,1.3283999955654144,1.905600008368492,3.284400006234646,40.73531960214737,-0.11134330731767261,-0.12430998187383926,0.012966674556166652,1.2557191206849445,1.0684999972581863,0.8812808738314282,28.54029858166869,35.012007052871645,KZR
2023-10-17,0.9900000095367432,1.0700000524520874,0.9800000190734863,1.059999942779541,1.059999942779541,198800,1.0039999961853028,0.9879999935626984,1.0619999915361404,1.3073999965190888,1.8880000084638595,3.2545500048995017,45.026790371812865,-0.10005824790994655,-0.11945963508106072,0.01940138717111417,1.2407288284657139,1.0619999915361404,0.8832711546065671,42.592577226109604,35.43935305110465,KZR
2023-10-18,1.0499999523162842,1.059999942779541,0.9700000286102295,0.9900000095367432,0.9900000095367432,273600,0.9859999895095826,0.985999995470047,1.0544999927282332,1.286199997663498,1.8708000081777572,3.2243000051379203,41.2719088294155,-0.09566045247414556,-0.11469979855967768,0.01903934608553212,1.2320922135194434,1.0544999927282332,0.8769077719370231,46.07841796666141,39.070431258146535,KZR
2023-10-19,1.0,1.0099999904632568,0.949999988079071,0.9599999785423279,0.9599999785423279,150300,0.993999981880188,0.988999992609024,1.0439999938011169,1.2651999974250794,1.8518000090122222,3.194450005888939,39.742277525410685,-0.09351790350862355,-0.11046341954946685,0.01694551604084331,1.2178274920821335,1.0439999938011169,0.8701724955201002,42.45393569551569,43.70831029609553,KZR
2023-10-20,0.9599999785423279,1.0,0.9399999976158142,0.949999988079071,0.949999988079071,220900,0.9919999837875366,0.9879999935626984,1.0344999939203263,1.243199998140335,1.8328000098466872,3.1632500055432318,39.220473285888644,-0.09157125722206572,-0.10668498708398663,0.015113729861920916,1.2070659224639508,1.0344999939203263,0.8619340653767018,33.56038518243586,40.69757961487095,KZR
2023-10-23,1.0,1.0,0.8799999952316284,0.9200000166893005,0.9200000166893005,425300,0.9759999871253967,0.9879999935626984,1.0244999945163726,1.231399998664856,1.8142000102996827,3.1333500051498415,37.624479168075226,-0.09139572001756968,-0.10362713367070324,0.012231413653133558,1.1992541027026626,1.0244999945163726,0.8497458863300826,29.14862219525705,35.05431435773616,KZR
2023-10-24,0.9100000262260437,0.9300000071525574,0.8700000047683716,0.8799999952316284,0.8799999952316284,390100,0.9399999976158142,0.9719999969005585,1.014499992132187,1.2179999995231627,1.7952000105381012,3.10355000436306,35.54741213467805,-0.09340752910448746,-0.10158321275746009,0.008175683652972623,1.1980728578325714,1.014499992132187,0.8309271264318023,21.825392038553602,28.1781331387488,KZR
2023-10-25,0.8899999856948853,0.8899999856948853,0.8199999928474426,0.8600000143051147,0.8600000143051147,290600,0.9139999985694885,0.9499999940395355,0.9999999940395355,1.2044000005722046,1.775200011730194,3.0761000049114227,34.52123948056027,-0.0955146996128261,-0.10036951012853329,0.004854810515707186,1.184282377186188,0.9999999940395355,0.8157176108928832,15.873015140910374,22.282343124906973,KZR
2023-10-26,0.8500000238418579,0.8799999952316284,0.7900000214576721,0.800000011920929,0.800000011920929,542300,0.8820000052452087,0.9379999935626984,0.9809999972581863,1.1913999998569489,1.7541000109910965,3.0500000050663947,31.576277158900655,-0.1008634550490054,-0.10046829911262771,-0.00039515593637769186,1.1654884769644536,0.9809999972581863,0.7965115175519192,8.614949591055286,15.437785590173052,KZR
2023-10-27,0.800000011920929,0.800000011920929,0.699999988079071,0.7300000190734863,0.7300000190734863,469000,0.8380000114440918,0.9149999976158142,0.9579999953508377,1.1782000005245208,1.7308000117540359,3.022950005829334,28.519481556578558,-0.10948867933527817,-0.1022723751571578,-0.007216304178120372,1.1471665663676922,0.9579999953508377,0.7688334243339832,8.337176932102006,10.94171388802252,KZR
2023-10-30,0.75,0.7799999713897705,0.7400000095367432,0.7599999904632568,0.7599999904632568,226100,0.806000006198883,0.8909999966621399,0.9384999960660935,1.1676000010967256,1.7093000108003615,2.9922500053048133,31.576636308174557,-0.11260543934231615,-0.10433898799418947,-0.008266451348126674,1.1248625286818257,0.9384999960660935,0.7521374634503613,8.575269894475934,8.509132139211038,KZR
2023-10-31,0.75,0.7799999713897705,0.7099999785423279,0.7200000286102295,0.7200000286102295,210900,0.7740000128746033,0.8570000052452087,0.9224999994039536,1.1564000022411347,1.6918000108003617,2.961650004684925,29.74965112049242,-0.11695497260855814,-0.1068621849170632,-0.010092787691494937,1.1254654953260164,0.9224999994039536,0.7195345034818907,9.16667200624899,8.693039610942273,KZR
2023-11-01,0.7300000190734863,0.7699999809265137,0.7200000286102295,0.7599999904632568,0.7599999904632568,178100,0.7540000081062317,0.8340000033378601,0.9099999994039536,1.143600002527237,1.6750000101327895,2.9326500049233437,33.87016412821263,-0.11583902624359388,-0.10865755318236933,-0.007181473061224547,1.1205231416685475,0.9099999994039536,0.6994768571393597,12.072074326657209,9.938005409127342,KZR
2023-11-02,0.75,0.8199999928474426,0.75,0.7900000214576721,0.7900000214576721,287100,0.7520000100135803,0.8170000076293945,0.9030000001192093,1.1300000023841859,1.6584000098705292,2.90480000436306,36.86135989437022,-0.11125144156216027,-0.10917633085832752,-0.002075110703832747,1.1196194644995963,0.9030000001192093,0.6863805357388225,15.180184279541109,12.1396435374824,KZR
2023-11-03,0.8100000023841858,0.8500000238418579,0.7699999809265137,0.8399999737739563,0.8399999737739563,316700,0.7740000009536743,0.806000006198883,0.8969999998807907,1.1168000018596649,1.6402000087499617,2.8777500042319297,41.60241345533602,-0.10240075717897279,-0.10782121612245657,0.00542045894348378,1.113619466902698,0.8969999998807907,0.6803805328588834,26.126123513797413,17.79279403999854,KZR
2023-11-06,0.8399999737739563,0.8600000143051147,0.8299999833106995,0.8399999737739563,0.8399999737739563,171100,0.7899999976158142,0.7980000019073487,0.8929999977350235,1.1006000018119813,1.6226000094413757,2.8498500037193297,41.60241345533602,-0.09429950010178623,-0.1051168729183225,0.010817372816536275,1.1107245803268575,0.8929999977350235,0.6752754151431895,33.683682103610145,24.996663298982853,KZR
2023-11-07,0.8399999737739563,0.8600000143051147,0.8100000023841858,0.8399999737739563,0.8399999737739563,310000,0.8139999866485595,0.7939999997615814,0.8829999983310699,1.0844000017642974,1.6046000081300735,2.820050002634525,41.60241345533601,-0.08687772318830067,-0.10146904297231814,0.014591319784017467,1.0909519075079466,0.8829999983310699,0.6750480891541932,40.629334185977434,33.479713267794956,KZR
2023-11-08,0.8299999833106995,0.8600000143051147,0.800000011920929,0.8399999737739563,0.8399999737739563,403200,0.8299999833106995,0.7919999957084656,0.8709999948740006,1.0680000019073486,1.587800008058548,2.789200001358986,41.60241345533601,-0.08007288118271172,-0.09718981061439685,0.017116929431685135,1.058819038390812,0.8709999948740006,0.6831809513571891,43.57227840444603,39.2950982313445,KZR
2023-11-09,0.8199999928474426,0.8399999737739563,0.7400000095367432,0.7400000095367432,0.7400000095367432,256400,0.8199999809265137,0.785999995470047,0.8619999945163727,1.050200002193451,1.5702000081539154,2.758900000452995,34.61102963443345,-0.0818061459188204,-0.09411307767528157,0.012306931756461165,1.056689470056047,0.8619999945163727,0.6673105189766984,35.05376178689857,39.7517914591073,KZR
2023-11-10,0.7900000214576721,0.7900000214576721,0.699999988079071,0.7200000286102295,0.7200000286102295,661500,0.7959999918937684,0.7849999964237213,0.8499999970197678,1.0348000025749207,1.5531000077724457,2.728850000500679,33.40201460111001,-0.08382729316866933,-0.09205592077395912,0.008228627605289793,1.0485950392939656,0.8499999970197678,0.6514049547455699,22.898556358346596,33.84153218323036,KZR
2023-11-13,0.7200000286102295,0.7599999904632568,0.6700000166893005,0.7300000190734863,0.7300000190734863,786500,0.7740000009536743,0.7819999992847443,0.8364999979734421,1.0180000019073487,1.5373000085353852,2.6980000001192095,34.63154727671176,-0.08365779626856285,-0.09037629587287986,0.006718499604317016,1.0290902097742889,0.8364999979734421,0.6439097861725953,16.433913743280943,24.795410629508666,KZR
2023-11-14,0.8100000023841858,0.8100000023841858,0.699999988079071,0.7799999713897705,0.7799999713897705,1111700,0.7620000004768371,0.7879999935626983,0.8224999994039536,1.0034000015258788,1.5213000071048737,2.6668999999761582,40.54228743626725,-0.07858303416753865,-0.08801764353181162,0.00943460936427297,0.9866797648345259,0.8224999994039536,0.6583202339733812,29.44977914525707,22.92741641562817,KZR
2023-11-15,0.800000011920929,0.8799999952316284,0.7799999713897705,0.7900000214576721,0.7900000214576721,1167800,0.7520000100135803,0.7909999966621399,0.8125,0.9906000030040741,1.5055000084638595,2.634999999701977,41.67814085588941,-0.07291382300983751,-0.0849968794274168,0.012083056417579285,0.9579475660123827,0.8125,0.6670524339876173,45.59884453768834,30.49417914207542,KZR
2023-11-16,0.8199999928474426,0.8600000143051147,0.7699999809265137,0.8399999737739563,0.8399999737739563,745400,0.772000002861023,0.7959999918937684,0.8064999997615814,0.9810000014305115,1.4904000091552734,2.6046999990940094,47.117845644514325,-0.06365260641364634,-0.08072802482466271,0.01707541841101637,0.936157222564628,0.8064999997615814,0.6768427769585348,63.492056734166624,46.18022680570399,KZR
2023-11-17,0.8299999833106995,0.8899999856948853,0.8100000023841858,0.8600000143051147,0.8600000143051147,1052200,0.8,0.7979999959468842,0.8020000010728836,0.9740000009536743,1.4749000084400177,2.572449999451637,49.16048339131805,-0.05407583682823436,-0.07539758722537704,0.02132175039714268,0.9168215863868534,0.8020000010728836,0.6871784157589138,74.81962716254878,61.30350947813455,KZR
2023-11-20,0.8500000238418579,0.9100000262260437,0.8199999928474426,0.8899999856948853,0.8899999856948853,805500,0.8319999933242798,0.8029999971389771,0.8004999995231629,0.9677999997138977,1.4600000071525574,2.541399999856949,52.146359892389114,-0.043563260810528415,-0.06903072194240731,0.025467461131878893,0.9097657084945329,0.8004999995231629,0.6912342905517929,86.32755544837816,74.87974644836449,KZR
2023-11-21,0.8700000047683716,0.8999999761581421,0.8600000143051147,0.8799999952316284,0.8799999952316284,614600,0.8519999980926514,0.8069999992847443,0.8004999995231629,0.9609999990463257,1.4443000066280365,2.5116500002145767,51.06965477039716,-0.035628184699018295,-0.0623502144937295,0.026722029794711208,0.9097657084945329,0.8004999995231629,0.6912342905517929,88.5100950464447,83.21909255245718,KZR
2023-11-22,0.8899999856948853,0.9300000071525574,0.8700000047683716,0.9100000262260437,0.9100000262260437,585100,0.8759999990463256,0.814000004529953,0.8030000001192092,0.9553999984264374,1.428800006508827,2.4822999992966652,54.12958980560252,-0.026612060661112324,-0.055202583727206066,0.02859052306609374,0.9196361693072941,0.8030000001192092,0.6863638309311244,90.4914456845615,88.44303205979475,KZR
2023-11-24,0.9200000166893005,0.9200000166893005,0.8899999856948853,0.9100000262260437,0.9100000262260437,525500,0.8900000095367432,0.831000006198883,0.808500000834465,0.9493999981880188,1.4135000061988832,2.4542999982833864,54.12958980560251,-0.019244874470033757,-0.048011041875771605,0.02876616740573785,0.9340826312533838,0.808500000834465,0.6829173704155463,90.7051287684532,89.90222316648642,KZR
2023-11-27,0.9200000166893005,0.9200000166893005,0.8799999952316284,0.8899999856948853,0.8899999856948853,572200,0.8960000038146972,0.8480000019073486,0.816499999165535,0.9413999986648559,1.3986000049114227,2.426499999165535,51.63304040272413,-0.014848992516887649,-0.04137863200399482,0.026529639487107168,0.9414439756065838,0.816499999165535,0.6915560227244861,89.74359150704088,90.31338865335182,KZR
2023-11-28,0.8799999952316284,0.9200000166893005,0.8600000143051147,0.8700000047683716,0.8700000047683716,722100,0.8920000076293946,0.8620000004768371,0.8219999998807908,0.9343999981880188,1.3825000047683715,2.3981999981403352,49.18981247258428,-0.012831146245547598,-0.03566913485230537,0.022837988606757773,0.9461933859392208,0.8219999998807908,0.6978066138223608,84.61538343975059,88.35470123841486,KZR
2023-11-29,0.8799999952316284,0.8999999761581421,0.8100000023841858,0.8299999833106995,0.8299999833106995,1041800,0.8820000052452087,0.8670000016689301,0.8274999976158142,0.9271999967098236,1.365700004696846,2.370099999010563,44.640168272215156,-0.014294873570943833,-0.031394282596033066,0.017099409025089232,0.9425434605307267,0.8274999976158142,0.7124565347009016,74.35896730517003,82.9059807506538,KZR
2023-11-30,0.8500000238418579,0.8500000238418579,0.8100000023841858,0.8399999737739563,0.8399999737739563,872300,0.8679999947547913,0.8719999969005585,0.8314999967813492,0.921199996471405,1.3488000047206878,2.3413999992609025,45.985219810747374,-0.014481043904929658,-0.028011634857812384,0.013530590952882726,0.9423647705998557,0.8314999967813492,0.7206352229628428,67.94870913146252,75.64101995879435,KZR
2023-12-01,0.8500000238418579,0.8600000143051147,0.8199999928474426,0.8399999737739563,0.8399999737739563,1450100,0.8539999842643737,0.8719999969005585,0.8339999943971634,0.914599996805191,1.3318000048398972,2.3127999994158746,45.98521981074737,-0.014461877711842375,-0.025301683428618382,0.010839805716776008,0.9432519895867909,0.8339999943971634,0.724747999207536,64.10255117058945,68.8034092024073,KZR
2023-12-04,0.8399999737739563,0.8600000143051147,0.8299999833106995,0.8600000143051147,0.8600000143051147,1107000,0.8479999899864197,0.8719999969005585,0.8349999964237214,0.9089999973773957,1.3157000046968461,2.2853999987244604,48.8669073061545,-0.012686608911788855,-0.022778668525252475,0.01009205961346362,0.9448180217803992,0.8349999964237214,0.7251819710670435,66.77814185967554,66.27646738724246,KZR
2023-12-05,0.8399999737739563,0.8799999952316284,0.8399999737739563,0.8600000143051147,0.8600000143051147,882200,0.8459999918937683,0.8689999997615814,0.8359999984502793,0.9037999975681305,1.3000000041723252,2.256449998319149,48.8669073061545,-0.011151152058051284,-0.02045316523181224,0.009302013173760955,0.9463449072641478,0.8359999984502793,0.7256550896364108,63.733278647850085,64.87132389270498,KZR
2023-12-06,0.8600000143051147,0.8799999952316284,0.8299999833106995,0.8700000047683716,0.8700000047683716,742000,0.8539999961853028,0.8680000007152557,0.8375,0.8995999968051911,1.2845000034570695,2.229949997961521,50.40132096472409,-0.00902336010368876,-0.018167204206187542,0.009143844102498782,0.9488328298748974,0.8375,0.7261671701251027,62.77174644105191,64.42772231619246,KZR
2023-12-07,0.8799999952316284,0.8799999952316284,0.8600000143051147,0.8700000047683716,0.8700000047683716,826600,0.8600000023841858,0.8639999985694885,0.8390000015497208,0.8939999973773957,1.269600004553795,2.202649998366833,50.40132096472411,-0.007253456320599261,-0.015984454629069885,0.008730998308470624,0.9512319002130287,0.8390000015497208,0.7267681028864128,56.25000543271417,60.91834350720534,KZR
2023-12-08,0.8799999952316284,0.8899999856948853,0.8500000238418579,0.8600000143051147,0.8600000143051147,853300,0.8640000104904175,0.8589999973773956,0.8450000017881394,0.8875999987125397,1.2543000036478043,2.175349997580051,48.70622521853496,-0.006581839133531386,-0.014103931529962185,0.007522092396430799,0.9478591262718629,0.8450000017881394,0.7421408773044159,51.388893200567146,56.80354835811102,KZR
2023-12-11,0.8399999737739563,0.8999999761581421,0.8399999737739563,0.8399999737739563,0.8399999737739563,1024800,0.8600000023841858,0.8539999961853028,0.8509999990463257,0.8805999970436096,1.2385000026226043,2.1485499984025953,45.41634229688334,-0.007576081446621585,-0.012798361513294065,0.005222280066672479,0.9365336241203176,0.8509999990463257,0.7654663739723339,38.88888336994056,48.842594001073905,KZR
2023-12-12,0.8399999737739563,0.8700000047683716,0.8199999928474426,0.8399999737739563,0.8399999737739563,1584900,0.8559999942779541,0.8509999930858612,0.8564999967813491,0.8743999969959259,1.222800001502037,2.1212999984622,45.41634229688335,-0.008268709111331818,-0.011892431032901616,0.003623721921569798,0.9220057385027476,0.8564999967813491,0.7909942550599507,30.55554175818467,40.27777277623074,KZR
2023-12-13,0.8500000238418579,0.8700000047683716,0.8299999833106995,0.8500000238418579,0.8500000238418579,1919500,0.8519999980926514,0.852999997138977,0.8599999994039536,0.8705999982357026,1.208500002026558,2.0940999987721445,47.473716586196645,-0.00791941101859317,-0.011097827030039926,0.0031784160114467566,0.915497758617256,0.8599999994039536,0.8045022401906511,28.787867157036775,32.74409742838728,KZR
2023-12-14,0.8500000238418579,0.8600000143051147,0.8399999737739563,0.8500000238418579,0.8500000238418579,1552900,0.8480000019073486,0.8540000021457672,0.8629999995231629,0.8673999989032746,1.1948000019788743,2.070249999463558,47.473716586196645,-0.007555494723500589,-0.010389360568732058,0.0028338658452314695,0.9086508680208037,0.8629999995231629,0.817349131025522,32.57575914934118,30.639722688187486,KZR
2023-12-15,0.8700000047683716,0.8799999952316284,0.8399999737739563,0.8399999737739563,0.8399999737739563,1427700,0.8439999938011169,0.8540000021457672,0.8629999995231629,0.8655999982357026,1.180600001811981,2.047300000190735,45.48537138614214,-0.007981997406853236,-0.009907887936356293,0.0019258905295030573,0.9086508680208037,0.8629999995231629,0.817349131025522,33.33333333333338,31.565653213237056,KZR
2023-12-18,0.8600000143051147,0.8700000047683716,0.8199999928474426,0.8399999737739563,0.8399999737739563,467900,0.8439999938011169,0.8519999980926514,0.8619999974966049,0.8631999981403351,1.167600000500679,2.0232499995827675,45.48537138614214,-0.008225188997436073,-0.009571348148572249,0.001346159151136176,0.9087333050299663,0.8619999974966049,0.8152666899632436,32.32322003862904,32.744104173767816,KZR
2023-12-19,0.8399999737739563,0.8700000047683716,0.8399999737739563,0.8500000238418579,0.8500000238418579,792500,0.8460000038146973,0.8509999990463257,0.8599999994039536,0.8617999982833863,1.1541000002622603,1.9987499997019769,48.01072212386633,-0.007524264580112128,-0.009161931434880224,0.001637666854768096,0.9051663814734473,0.8599999994039536,0.8148336173344598,35.01683007056245,33.55779448084157,KZR
2023-12-20,0.8500000238418579,0.8600000143051147,0.8299999833106995,0.8500000238418579,0.8500000238418579,485300,0.8460000038146973,0.8490000009536743,0.858500000834465,0.8579999995231629,1.1402000004053117,1.9743000009655953,48.01072212386632,-0.006889360668190347,-0.008707417281542248,0.0018180566133519007,0.9028959693681209,0.858500000834465,0.8141040323008091,38.425946353705626,35.25533215429899,KZR
2023-12-21,0.8600000143051147,0.8700000047683716,0.8299999833106995,0.8399999737739563,0.8399999737739563,365200,0.8439999938011169,0.8459999978542327,0.8549999982118607,0.8531999981403351,1.1266999995708467,1.9504000014066696,45.56284909859415,-0.0071111423874211654,-0.008388162302718032,0.0012770199152968668,0.8932099658353627,0.8549999982118607,0.8167900305883586,35.64816972570966,36.36364871665919,KZR
2023-12-22,0.8399999737739563,0.8799999952316284,0.8299999833106995,0.8500000238418579,0.8500000238418579,902300,0.8460000038146973,0.8449999988079071,0.8519999980926514,0.8517999982833863,1.1132999992370605,1.928450002670288,48.39630298120214,-0.006406139542229017,-0.00799175775062023,0.0015856182083912127,0.880705414922162,0.8519999980926514,0.8232945812631407,33.33335816860721,35.80249141600745,KZR
2023-12-26,0.8600000143051147,0.8799999952316284,0.8199999928474426,0.8600000143051147,0.8600000143051147,781100,0.850000011920929,0.847000002861023,0.8504999995231628,0.849799998998642,1.1003999984264374,1.9095500034093857,51.13533901663412,-0.004983062409556704,-0.0073900186824075245,0.00240695627285082,0.8737163991761739,0.8504999995231628,0.8272835998701517,37.50002173086465,35.493849875060455,KZR
2023-12-27,0.8700000047683716,0.9800000190734863,0.8500000238418579,0.9700000286102295,0.9700000286102295,859500,0.8740000128746033,0.8600000083446503,0.8555000007152558,0.8491999995708466,1.0887999975681304,1.8886500030755997,69.99912044993302,0.004963601013994068,-0.004919294743127206,0.009882895757121275,0.9122362546858299,0.8555000007152558,0.7987637467446816,60.41669693465584,43.750025611375854,KZR
2023-12-28,0.9700000286102295,1.0,0.949999988079071,0.9800000190734863,0.9800000190734863,342100,0.9000000119209289,0.8730000078678131,0.863000002503395,0.8476000010967255,1.077499998807907,1.867650004029274,71.09168758561889,0.013497725715964637,-0.001235890651308837,0.014733616367273474,0.9402269611644697,0.863000002503395,0.7857730438423204,77.54631472153822,58.48767779568618,KZR
2023-12-29,0.9800000190734863,0.9800000190734863,0.9300000071525574,0.949999988079071,0.949999988079071,436000,0.9220000147819519,0.8830000042915345,0.8685000032186508,0.846800000667572,1.066499999165535,1.8493500033020973,63.60773730953429,0.01763702065139039,0.002538691609231008,0.01509832904215938,0.95365282082494,0.8685000032186508,0.7833471856123617,84.95370787165926,74.30557317595105,KZR
2024-01-02,0.9599999785423279,0.9800000190734863,0.9300000071525574,0.949999988079071,0.949999988079071,372300,0.9420000076293945,0.8940000057220459,0.8740000039339065,0.8466000008583069,1.055899999141693,1.8350000035762788,63.60773730953431,0.020679066305625438,0.006166766548509894,0.014512299757115543,0.9650823923830424,0.8740000039339065,0.7829176154847707,77.77777777777781,80.09260012365837,KZR
2024-01-03,0.949999988079071,0.9700000286102295,0.8700000047683716,0.8999999761581421,0.8999999761581421,424100,0.95,0.9000000059604645,0.8760000020265579,0.8456000006198883,1.0443999993801116,1.8207000035047531,52.8530066397021,0.0188381715931073,0.008701047557429375,0.010137124035677925,0.9675204985578135,0.8760000020265579,0.7844795054953023,62.96295560436516,75.23148041793401,KZR
2024-01-04,0.9100000262260437,0.9100000262260437,0.8500000238418579,0.8700000047683716,0.8700000047683716,613000,0.9299999952316285,0.9020000040531159,0.8765000015497207,0.8446000003814698,1.0379999995231628,1.8067000031471252,47.64747707086018,0.014788035036900737,0.009918445053323647,0.00486958998357709,0.9677743208253924,0.8765000015497207,0.7852256822740491,48.14814446884927,62.96295928366401,KZR
2024-01-05,0.8600000143051147,0.9599999785423279,0.800000011920929,0.9200000166893005,0.9200000166893005,665400,0.9179999947547912,0.9090000033378601,0.8790000021457672,0.8454000008106232,1.031700000166893,1.7930000028014184,55.51199491513786,0.015434931449099132,0.011021742332478743,0.004413189116620388,0.9721450590146834,0.8790000021457672,0.7858549452768511,44.07407422124626,51.72839143148682,KZR
2024-01-08,0.9200000166893005,0.9399999976158142,0.8799999952316284,0.9200000166893005,0.9200000166893005,378200,0.9120000004768372,0.9170000076293945,0.8815000027418136,0.8466000008583069,1.0255000007152557,1.779950003027916,55.51199491513786,0.01576586246778322,0.01197056635953964,0.003795296108243581,0.976215375597271,0.8815000027418136,0.7867846298863562,49.259265072551976,47.160494587549096,KZR
2024-01-09,0.9200000166893005,0.9300000071525574,0.8799999952316284,0.9100000262260437,0.9100000262260437,213300,0.9040000081062317,0.9230000078678131,0.8840000033378601,0.8488000011444092,1.020100000500679,1.7677500036358833,53.64284084587078,0.015047750921617475,0.012586003271955207,0.0024617476496622687,0.9789526347410592,0.8840000033378601,0.789047371934661,58.333340783914416,50.55556002590415,KZR
2024-01-10,0.9200000166893005,0.9300000071525574,0.8799999952316284,0.8999999761581421,0.8999999761581421,432700,0.9040000081062317,0.9270000040531159,0.8870000034570694,0.8522000002861023,1.0152000004053117,1.7555000039935111,51.76573850210025,0.013515918782633696,0.012771986374090905,0.0007439324085427908,0.9799731259885603,0.8870000034570694,0.7940268809255785,55.00000049670544,54.197535451057206,KZR
2024-01-11,0.8899999856948853,0.9300000071525574,0.8700000047683716,0.9100000262260437,0.9100000262260437,327400,0.9120000123977661,0.9210000038146973,0.8905000060796737,0.8552000010013581,1.0114000010490418,1.74230000436306,53.51740425261089,0.01295946262465697,0.012809481624204118,0.00014998100045285172,0.9813790525714524,0.8905000060796737,0.799620959587895,53.33333532015498,55.555558866924876,KZR
2024-01-12,0.9100000262260437,0.9599999785423279,0.8899999856948853,0.9300000071525574,0.9300000071525574,713600,0.9140000104904175,0.9160000026226044,0.8945000052452088,0.8594000005722046,1.0079000014066697,1.730900004208088,56.88943416510658,0.013971246590469444,0.013041834617457183,0.0009294119730122608,0.9849378370561048,0.8945000052452088,0.8040621734343127,56.66666567325589,55.00000049670536,KZR
2024-01-16,0.9300000071525574,0.9300000071525574,0.8899999856948853,0.8899999856948853,0.8899999856948853,225500,0.9080000042915344,0.9100000023841858,0.8965000033378601,0.8620000004768371,1.002800001502037,1.719200004041195,49.20172873082075,0.01141385343782475,0.012716238381530697,-0.001302384943705947,0.9846532892629183,0.8965000033378601,0.8083467174128018,55.00000049670543,55.00000049670536,KZR
2024-01-17,0.8899999856948853,0.9100000262260437,0.8799999952316284,0.8799999952316284,0.8799999952316284,295800,0.9019999980926514,0.9030000030994415,0.8985000044107437,0.8637999999523163,0.9969000011682511,1.7078000035881997,47.47450110889868,0.00848240539309597,0.011869471783843752,-0.0033870663907477807,0.9831817686080927,0.8985000044107437,0.8138182402133948,49.999995032946,53.8888870676357,KZR
2024-01-18,0.8700000047683716,0.8899999856948853,0.8299999833106995,0.8399999737739563,0.8399999737739563,298200,0.8899999976158142,0.897000002861023,0.8985000044107437,0.8637999999523163,0.9903000009059906,1.6963500028848648,41.238360172269296,0.0028981363484019695,0.010075204696755395,-0.007177068348353426,0.9831817686080927,0.8985000044107437,0.8138182402133948,34.99998857577577,46.666661368475665,KZR
2024-01-19,0.8399999737739563,0.8700000047683716,0.800000011920929,0.8299999833106995,0.8299999833106995,469000,0.8739999890327453,0.8930000007152558,0.8975000023841858,0.8636000001430512,0.9821000009775162,1.685250003039837,39.82976153715681,-0.002307750448337753,0.007598613667736766,-0.009906364116074519,0.9848785016072095,0.8975000023841858,0.8101215031611622,25.555542089320777,36.85184189934744,KZR
2024-01-22,0.8399999737739563,0.8500000238418579,0.800000011920929,0.8299999833106995,0.8299999833106995,339100,0.8539999842643737,0.8839999973773957,0.8965000003576279,0.863400000333786,0.9739000010490417,1.6757000029087066,39.82976153715681,-0.006360137534691335,0.004806863427251146,-0.01116700096194248,0.9864500033200265,0.8965000003576279,0.8065499973952293,17.777760779416237,26.111097148170856,KZR
2024-01-23,0.8299999833106995,0.8500000238418579,0.800000011920929,0.8199999928474426,0.8199999928474426,304900,0.8399999856948852,0.8739999949932098,0.8955000013113021,0.8630000007152557,0.9655000013113022,1.6680000033974647,38.31204530097644,-0.010260324519248631,0.0017934258379511902,-0.012053750357199822,0.9883385852599244,0.8955000013113021,0.8026614173626799,15.032664575776877,19.45532248150456,KZR
2024-01-24,0.8399999737739563,0.8500000238418579,0.800000011920929,0.800000011920929,0.800000011920929,263200,0.8239999890327454,0.8629999935626984,0.8930000007152558,0.8642000007629395,0.9572000014781952,1.659450003504753,35.40617290901395,-0.014794539871438528,-0.0015241673039267534,-0.013270372567511774,0.9930200120251551,0.8930000007152558,0.7929799894053564,9.477114539169692,14.095846631454199,KZR
2024-01-25,0.800000011920929,0.8399999737739563,0.800000011920929,0.8199999928474426,0.8199999928474426,273800,0.8199999928474426,0.8549999952316284,0.8909999996423721,0.8662000000476837,0.9505000013113022,1.6517500039935111,40.283898166562096,-0.016582948978059897,-0.0045359236387533825,-0.012047025339306515,0.9950961237507798,0.8909999996423721,0.7869038755339643,8.088228064819946,10.866002393255435,KZR
2024-01-26,0.8299999833106995,0.8500000238418579,0.8100000023841858,0.8299999833106995,0.8299999833106995,399400,0.8199999928474426,0.846999990940094,0.8839999973773957,0.868199999332428,0.9431000006198883,1.6440000033378601,42.6171577657535,-0.01699742469155685,-0.007028223849314076,-0.009969200842242775,0.9846777129387972,0.8839999973773957,0.7833222818159941,10.416658905643628,9.327333836544353,KZR
2024-01-29,0.8299999833106995,0.9399999976158142,0.8199999928474426,0.9300000071525574,0.9300000071525574,838100,0.8399999976158142,0.846999990940094,0.8814999967813492,0.8712000000476837,0.9373000007867813,1.6367500028014184,59.61178028394315,-0.009151243651310148,-0.00745282780971329,-0.0016984158415968582,0.9747255391261093,0.8814999967813492,0.7882744544365891,37.499996895590805,18.668294622018056,KZR
2024-01-30,0.9300000071525574,0.949999988079071,0.8999999761581421,0.9200000166893005,0.9200000166893005,350500,0.8600000023841858,0.8499999940395355,0.8799999982118607,0.8737999999523163,0.9322000014781952,1.62905000269413,57.76926756703544,-0.003697383173526969,-0.006701738882476026,0.003004355708949057,0.9696660581658086,0.8799999982118607,0.7903339382579128,58.333339542151826,35.41666511446201,KZR
2024-01-31,0.9300000071525574,1.0,0.8999999761581421,0.9900000095367432,0.9900000095367432,891000,0.8980000019073486,0.860999995470047,0.8819999992847443,0.876800000667572,0.9289000010490418,1.622100002169609,65.74969180368853,0.006201764871523907,-0.0041210381316760395,0.010322803003199946,0.9792831071324708,0.8819999992847443,0.7847168914370177,83.75001235554855,59.861116264430315,KZR
2024-02-01,0.9900000095367432,1.0,0.9200000166893005,0.949999988079071,0.949999988079071,357500,0.9240000009536743,0.8719999969005585,0.8844999998807908,0.8786000001430512,0.9263000005483627,1.6143500021100043,58.900161904057114,0.01069594735610535,-0.0011576410341197613,0.011853588390225113,0.9859840031636137,0.8844999998807908,0.7830159965979678,81.66667188207435,74.58334125992484,KZR
2024-02-02,0.9700000286102295,0.9700000286102295,0.9399999976158142,0.949999988079071,0.949999988079071,213100,0.9480000019073487,0.8839999973773957,0.8884999990463257,0.8798000001907349,0.9237999999523163,1.6067500019073486,58.900161904057114,0.014095139361334663,0.0018929150449711238,0.012202224316363539,0.9936237483523426,0.8884999990463257,0.7833762497403088,81.66666318972888,82.36111580911718,KZR
2024-02-05,0.949999988079071,0.9599999785423279,0.9200000166893005,0.9300000071525574,0.9300000071525574,325800,0.9480000019073487,0.8939999997615814,0.8889999985694885,0.8808000004291534,0.9208999997377396,1.5989000019431114,55.54472855194446,0.015002255538116183,0.004514783143600136,0.010487472394516046,0.99481116330329,0.8889999985694885,0.783188833835687,71.66666219631807,78.33333242270702,KZR
2024-02-06,0.949999988079071,0.9700000286102295,0.9399999976158142,0.9399999976158142,0.9399999976158142,221000,0.9519999980926513,0.9060000002384185,0.8899999976158142,0.8813999998569488,0.9183999991416931,1.5912500017881392,56.86781516047274,0.016339713257300326,0.006879769166340173,0.009459944090960152,0.9973312714637139,0.8899999976158142,0.7826687237679144,69.9999970197676,74.44444080193811,KZR
2024-02-07,0.9300000071525574,0.9700000286102295,0.9200000166893005,0.9300000071525574,0.9300000071525574,299900,0.9399999976158142,0.9189999997615814,0.8909999966621399,0.8817999994754792,0.9155999988317489,1.5834500017762183,55.101717061172515,0.0164036513962611,0.008784545612324359,0.0076191057839367395,0.9994250965105951,0.8909999966621399,0.7825748968136848,66.6666666666667,69.44444196091739,KZR
2024-02-08,0.9300000071525574,0.9599999785423279,0.9300000071525574,0.949999988079071,0.949999988079071,530100,0.9399999976158142,0.9319999992847443,0.8934999972581863,0.8829999995231629,0.9121999990940094,1.5759000015258788,57.91668165308816,0.017862249255439444,0.010600086340947376,0.007262162914492068,1.0049046746127792,0.8934999972581863,0.7820953199035934,69.9999970197676,68.88888690206723,KZR
2024-02-09,0.949999988079071,0.9800000190734863,0.9399999976158142,0.949999988079071,0.949999988079071,763700,0.9399999976158142,0.9439999997615814,0.8954999953508377,0.8845999991893768,0.9094999986886978,1.5684000012278556,57.91668165308816,0.018801466959861846,0.01224036246473027,0.006561104495131576,1.009425417309075,0.8954999953508377,0.7815745733926004,71.66666219631806,69.44444196091739,KZR
2024-02-12,0.9700000286102295,0.9700000286102295,0.8799999952316284,0.8799999952316284,0.8799999952316284,1892600,0.9299999952316285,0.9389999985694886,0.8929999947547913,0.8855999994277954,0.9063999980688096,1.5609500017762183,46.16729029072483,0.013739014541481076,0.012540092880080431,0.0011989216614006447,1.005977875750657,0.8929999947547913,0.7800221137589255,63.33332637945771,68.33332853184773,KZR
2024-02-13,0.8600000143051147,0.8999999761581421,0.8299999833106995,0.8299999833106995,0.8299999833106995,982900,0.9079999923706055,0.9299999952316285,0.889999994635582,0.8853999996185302,0.9032999980449676,1.5534000021219254,39.93531641024783,0.005627530760835331,0.01115758045623141,-0.00553004969539608,1.0062755375024075,0.889999994635582,0.7737244517687566,43.333324392636094,59.44443765613721,KZR
2024-02-14,0.8399999737739563,0.8700000047683716,0.8100000023841858,0.8399999737739563,0.8399999737739563,405500,0.8899999856948853,0.9149999916553497,0.8879999935626983,0.8853999996185302,0.8999999982118606,1.5454500016570092,41.63230128394894,5.968282915880252e-06,0.008927258021568305,-0.008921289738652425,1.006253967159468,0.8879999935626983,0.7697460199659287,23.59647981760531,43.42104352989963,KZR
2024-02-15,0.8399999737739563,0.8500000238418579,0.8199999928474426,0.8399999737739563,0.8399999737739563,330500,0.8679999828338623,0.9039999902248382,0.8879999935626983,0.8849999988079071,0.8969999980926514,1.5372000014781952,41.632301283948934,-0.004398457798450273,0.00626211485756459,-0.010660572656014862,1.006253967159468,0.8879999935626983,0.7697460199659287,15.526301412535787,27.485368540925652,KZR
2024-02-16,0.8399999737739563,0.8700000047683716,0.8299999833106995,0.8399999737739563,0.8399999737739563,399900,0.8459999799728394,0.8929999887943267,0.8884999930858613,0.884599997997284,0.8941999977827072,1.528900001347065,41.632301283948934,-0.007799094098113857,0.0034498730664289,-0.011248967164542756,1.0058499075103287,0.8884999930858613,0.7711500786613938,15.78945882432661,18.304080018155826,KZR
2024-02-20,0.8399999737739563,0.8600000143051147,0.8199999928474426,0.8299999833106995,0.8299999833106995,582100,0.8359999775886535,0.882999986410141,0.8884999930858613,0.8837999975681305,0.8916999971866608,1.5200000017881394,40.2133007792976,-0.011172251759043128,0.0005254481013344946,-0.011697699860377622,1.0058499075103287,0.8884999930858613,0.7711500786613938,14.035074510512544,15.116944915791569,KZR
2024-02-21,0.8299999833106995,0.8399999737739563,0.8100000023841858,0.8299999833106995,0.8299999833106995,580400,0.8359999775886535,0.8719999849796295,0.8889999926090241,0.882999997138977,0.8884999972581863,1.51115000218153,40.2133007792976,-0.013687719991861913,-0.002317185517304787,-0.011370534474557126,1.0052583369957533,0.8889999926090241,0.7727416482222949,12.280690196698478,14.035074510512466,KZR
2024-02-22,0.8299999833106995,0.8700000047683716,0.8199999928474426,0.8500000238418579,0.8500000238418579,544500,0.8379999876022339,0.8639999866485596,0.8914999932050705,0.8827999973297119,0.8851999980211258,1.5022000017762185,44.593683595589425,-0.013907098194668954,-0.004635168052777621,-0.009271930141891333,1.0020033996136288,0.8914999932050705,0.7809965867965122,14.860677947565327,13.725480884925373,KZR
2024-02-23,0.8500000238418579,0.9200000166893005,0.8399999737739563,0.8999999761581421,0.8999999761581421,1109000,0.8499999880790711,0.8589999854564667,0.8954999923706055,0.8839999973773957,0.8822999972105027,1.4935000011324882,53.722259548007614,-0.009931890069704075,-0.005694512456162912,-0.004237377613541163,1.0010414666184564,0.8954999923706055,0.7899585181227546,28.998961268652426,18.713443137638667,KZR
2024-02-26,0.9100000262260437,0.9399999976158142,0.8600000143051147,0.8999999761581421,0.8999999761581421,1224300,0.8619999885559082,0.8539999842643737,0.8989999920129776,0.8851999974250794,0.8797999972105026,1.4850000014901161,53.722259548007614,-0.006704226837099703,-0.00589645533235027,-0.0008077715047494329,1.000173123475196,0.8989999920129776,0.7978268605507592,43.13724458973953,28.99896126865235,KZR
2024-02-27,0.9200000166893005,0.9800000190734863,0.8799999952316284,0.9700000286102295,0.9700000286102295,2886900,0.8899999976158142,0.8629999876022338,0.9009999930858612,0.8875999975204468,0.8790999978780747,1.4768500021100044,63.48928351138077,0.001485020356555733,-0.004420160194569069,0.005905180551124802,1.0060523769918757,0.9009999930858612,0.7959476091798467,66.66665497948257,46.267620279291435,KZR
2024-02-28,0.9900000095367432,1.059999942779541,0.9700000286102295,1.0399999618530273,1.0399999618530273,1480300,0.9319999933242797,0.8839999854564666,0.9069999903440475,0.8913999962806701,0.8793999975919724,1.4690500023961066,70.25086635885424,0.013468214167459913,-0.0008424853221632731,0.014310699489623185,1.028177552541065,0.9069999903440475,0.7858224281470301,79.6862716047831,63.16339039133499,KZR
2024-02-29,1.0499999523162842,1.090000033378601,1.0299999713897705,1.0499999523162842,1.0499999523162842,1528200,0.971999979019165,0.9049999833106994,0.9099999874830246,0.8955999958515167,0.8805999970436096,1.4612000027298928,71.07498226278771,0.023500992441818913,0.004026210230633164,0.01947478221118575,1.0417573358029242,0.9099999874830246,0.778242639163125,90.61063910433752,78.98785522953432,KZR
2024-03-01,1.0499999523162842,1.1399999856948853,1.0199999809265137,1.0299999713897705,1.0299999713897705,1310100,0.9979999780654907,0.9239999830722809,0.9139999866485595,0.899399995803833,0.881299996972084,1.4513000026345253,67.07298935726976,0.029498173609166733,0.009120602906339878,0.020377570702826857,1.0549112994697152,0.9139999866485595,0.7730886738274039,81.46030823761716,83.91907298224584,KZR
2024-03-04,1.0299999713897705,1.059999942779541,0.9700000286102295,1.0199999809265137,1.0199999809265137,785700,1.021999979019165,0.9419999837875366,0.9174999862909317,0.9027999949455261,0.8822999966144561,1.4411500027775765,65.09924812071232,0.033062938263334174,0.013909069977738739,0.019153868285595434,1.0651312764288328,0.9174999862909317,0.7698686961530304,72.00575978105508,81.3589023743365,KZR
2024-03-05,0.9800000190734863,1.059999942779541,0.9800000190734863,1.0299999713897705,1.0299999713897705,614900,1.0339999675750733,0.9619999825954437,0.9224999845027924,0.9063999938964844,0.8821999967098236,1.4322000029683113,66.17129220370477,0.03627677945938523,0.018382611874068037,0.017894167585317197,1.0780473956816536,0.9224999845027924,0.7669525733239311,65.65656054811713,73.0408761889297,KZR
2024-03-06,1.0499999523162842,1.0499999523162842,1.0,1.0299999713897705,1.0299999713897705,496500,1.0319999694824218,0.9819999814033509,0.9269999831914901,0.9101999938488007,0.8816999959945678,1.4241500023007392,66.17129220370477,0.03838133561629831,0.02238235662251409,0.015998978993784215,1.0893699204212668,0.9269999831914901,0.7646300459617135,65.65656054811713,67.77296029242969,KZR
2024-03-07,1.0299999713897705,1.0399999618530273,0.9800000190734863,1.0,1.0,619300,1.021999979019165,0.996999979019165,0.9304999828338623,0.9131999933719634,0.8824999958276749,1.4145500019192696,59.78218378694954,0.037199650151262253,0.025345815328263722,0.011853834822998531,1.095965982326418,0.9304999828338623,0.7650339833413066,63.63636035236102,64.983160482865,KZR
2024-03-08,0.9900000095367432,1.0099999904632568,0.9300000071525574,0.9599999785423279,0.9599999785423279,402600,1.0079999804496764,1.0029999792575837,0.9309999823570252,0.9151999926567078,0.8824999958276749,1.404150002002716,52.50305676082817,0.03265901566606333,0.026808455395823643,0.005850560270239686,1.0967588340012877,0.9309999823570252,0.7652411307127627,56.565653646543126,61.95285818234034,KZR
2024-03-11,0.9599999785423279,0.9700000286102295,0.9200000166893005,0.949999988079071,0.949999988079071,623800,0.993999981880188,1.0079999804496764,0.9309999823570252,0.9147999918460846,0.8819999957084655,1.3938000020384789,50.83654792850319,0.027931635953627132,0.02703309150738434,0.0008985444462427904,1.0967588340012877,0.9309999823570252,0.7652411307127627,48.48484684284718,56.22895361391702,KZR
2024-03-12,0.9800000190734863,0.9900000095367432,0.8799999952316284,0.9300000071525574,0.9300000071525574,713800,0.9739999890327453,1.0039999783039093,0.9334999829530716,0.913799991607666,0.8806999963521958,1.3843500024080277,47.583474541792356,0.02231409911409188,0.026089293028725848,-0.003775193914633969,1.097606646861725,0.9334999829530716,0.7693933190444181,40.75126200071282,48.60058749670096,KZR
2024-03-13,0.949999988079071,0.949999988079071,0.8899999856948853,0.9100000262260437,0.9100000262260437,395100,0.95,0.990999984741211,0.9374999850988388,0.9129999923706055,0.8798999965190888,1.375350002348423,44.51575114875436,0.016063163235827016,0.02408406707014608,-0.008020903834319065,1.0950912179723824,0.9374999850988388,0.7799087522252952,33.377531787925136,40.8712135438283,KZR
2024-03-14,0.9300000071525574,0.9300000071525574,0.8500000238418579,0.8500000238418579,0.8500000238418579,638300,0.9200000047683716,0.9709999918937683,0.9379999876022339,0.9109999930858612,0.878799996972084,1.3653000029921531,36.84197216539859,0.006196325383338919,0.020506518732784647,-0.014310193349445728,1.0944096895740554,0.9379999876022339,0.7815902856304124,19.236118376289358,31.121637388309015,KZR
2024-03-15,0.8399999737739563,0.9100000262260437,0.8100000023841858,0.8799999952316284,0.8799999952316284,876900,0.9040000081062317,0.9559999942779541,0.9399999886751175,0.9105999934673309,0.8780999970436096,1.3554500034451484,42.206469824242845,0.0007884435826152059,0.016562903702750757,-0.01577446012013555,1.0923154315385306,0.9399999886751175,0.7876845458117043,14.848490002544045,22.48738005558609,KZR
2024-03-18,0.8999999761581421,0.8999999761581421,0.8399999737739563,0.8700000047683716,0.8700000047683716,505700,0.8880000114440918,0.9409999966621398,0.9414999902248382,0.9105999934673309,0.8775999969244004,1.3459000036120414,40.95765230317175,-0.004255205997158784,0.01239928176276885,-0.016654487759927634,1.0903992617792135,0.9414999902248382,0.7926007186704629,13.13131331375773,15.738640564196956,KZR
2024-03-19,0.8700000047683716,0.8700000047683716,0.8500000238418579,0.8700000047683716,0.8700000047683716,502700,0.8760000109672547,0.925,0.9434999912977219,0.9095999932289124,0.8774999970197678,1.3363500037789344,40.95765230317175,-0.00815829092721354,0.008287767224772372,-0.016446058151985913,1.0873436297665164,0.9434999912977219,0.7996563528289274,19.19191992169756,15.723907745999691,KZR
2024-03-20,0.8700000047683716,0.8999999761581421,0.8299999833106995,0.8899999856948853,0.8899999856948853,536600,0.872000002861023,0.9110000014305115,0.9464999914169312,0.9089999926090241,0.8777999967336655,1.3265000042319297,44.74953794432473,-0.009527851400472298,0.004724643499723439,-0.014252494900195737,1.0830686264777316,0.9464999914169312,0.8099313563561308,20.202020019575617,17.508417751676884,KZR
2024-03-21,0.8999999761581421,0.9800000190734863,0.8700000047683716,0.9700000286102295,0.9700000286102295,1569900,0.8960000038146972,0.9080000042915344,0.9524999916553497,0.9101999926567078,0.8794999969005585,1.3168000039458274,56.72244588014234,-0.004110519556924208,0.002957610888393909,-0.007068130445318117,1.0819410735117125,0.9524999916553497,0.8230589097989869,35.47475532804001,24.956231756437642,KZR
2024-03-22,1.0199999809265137,1.0399999618530273,0.9599999785423279,0.9700000286102295,0.9700000286102295,1916400,0.9140000104904175,0.9090000092983246,0.9559999942779541,0.9115999937057495,0.8818999969959259,1.306350004374981,56.722445880142345,0.00018067228126217305,0.002402223166967562,-0.002221550885705389,1.083342027919465,0.9559999942779541,0.8286579606364433,50.74749063650441,35.474755328039926,KZR
2024-03-25,0.9900000095367432,1.0099999904632568,0.9100000262260437,0.9200000166893005,0.9200000166893005,1148900,0.9240000128746033,0.9060000121593476,0.956999996304512,0.9117999935150146,0.8834999972581863,1.296400004029274,49.02218179903135,-0.0004479467142073368,0.0018321891907325822,-0.002280135904939919,1.0828729194736189,0.956999996304512,0.8311270731354051,57.94446678460162,48.055570916381924,KZR
2024-03-26,0.9399999976158142,0.949999988079071,0.8199999928474426,0.8899999856948853,0.8899999856948853,1393500,0.928000009059906,0.9020000100135803,0.9529999941587448,0.9109999930858612,0.8851999968290329,1.2885000038146972,45.0688486623115,-0.0033285145339819744,0.0008000484457896708,-0.0041285629797716454,1.0820115937721881,0.9529999941587448,0.8239883945453014,48.20532739116743,52.2990949374244,KZR
2024-03-27,0.8899999856948853,0.9100000262260437,0.8500000238418579,0.8999999761581421,0.8999999761581421,611400,0.9300000071525574,0.9010000050067901,0.9459999948740005,0.9111999928951263,0.8865999966859818,1.2808000034093856,46.61431019928423,-0.004749717836919132,-0.00030990481075208976,-0.0044398130261670415,1.0704829028602993,0.9459999948740005,0.8215170868877016,39.915462233310016,48.68841880302627,KZR
2024-03-28,0.9100000262260437,0.9399999976158142,0.8799999952316284,0.8999999761581421,0.8999999761581421,1175800,0.9159999966621399,0.9060000002384185,0.9384999960660935,0.9115999925136566,0.8876999962329865,1.2730500030517578,46.61431019928423,-0.005809068369568737,-0.0014097375225154193,-0.004399330847053318,1.0548228079605082,0.9384999960660935,0.8221771841716787,37.68115604006366,41.933981888180284,KZR
2024-04-01,0.9100000262260437,0.9300000071525574,0.8600000143051147,0.9200000166893005,0.9200000166893005,823900,0.9059999942779541,0.9100000023841858,0.93299999833107,0.9131999933719634,0.8884999966621399,1.2643500027060508,49.88477755275671,-0.004977398820075751,-0.002123269782027486,-0.0028541290380482654,1.0416462012892218,0.93299999833107,0.8243537953729181,42.028987385149826,39.875201886174416,KZR
2024-04-02,0.8899999856948853,0.8899999856948853,0.8500000238418579,0.8600000143051147,0.8600000143051147,565100,0.8939999938011169,0.9090000033378601,0.925,0.9137999939918519,0.8886999970674515,1.2556500032544136,41.64282327866356,-0.009055408351033911,-0.0035096974958287713,-0.00554571085520514,1.0303565264389054,0.925,0.8196434735610948,36.23189044284273,38.647344622685324,KZR
2024-04-03,0.8600000143051147,0.8999999761581421,0.8399999737739563,0.8600000143051147,0.8600000143051147,795700,0.8879999995231629,0.9080000042915344,0.9165000021457672,0.9143999946117402,0.888899997472763,1.2467500028014182,41.64282327866357,-0.012147234526559192,-0.0052372049019748556,-0.006910029624584336,1.0137162489303488,0.9165000021457672,0.8192837553611857,30.43479350053563,36.23189044284265,KZR
2024-04-04,0.8399999737739563,0.8700000047683716,0.8100000023841858,0.8199999928474426,0.8199999928474426,1090100,0.872000002861023,0.9010000050067901,0.9060000032186508,0.9143999946117402,0.8886999976634979,1.238250002861023,36.925777099147645,-0.01762206034131142,-0.0077141759898421685,-0.00990788435146925,0.9970823861707908,0.9060000032186508,0.8149176202665108,15.942033868056205,27.53623927047811,KZR
2024-04-05,0.8199999928474426,0.8299999833106995,0.75,0.800000011920929,0.800000011920929,988200,0.8520000100135803,0.8840000033378601,0.8960000038146972,0.9143999946117402,0.8892999976873398,1.2297500029206276,34.80301708966951,-0.023306072659356913,-0.010832555323745118,-0.012473517335611795,0.9875204948752735,0.8960000038146972,0.804479512754121,14.442782614804498,20.2732033277987,KZR
2024-04-08,0.800000011920929,0.8199999928474426,0.7900000214576721,0.8100000023841858,0.8100000023841858,622100,0.8300000071525574,0.8680000007152557,0.8885000050067902,0.9141999948024749,0.8901999974250794,1.2216500025987624,36.76057165618531,-0.026696042356946337,-0.014005252730385363,-0.012690789626560974,0.9823669376917173,0.8885000050067902,0.794633072321863,14.09295570392849,14.825924062262986,KZR
2024-04-09,0.800000011920929,0.8299999833106995,0.800000011920929,0.8299999833106995,0.8299999833106995,544100,0.8240000009536743,0.8589999973773956,0.8825000047683715,0.9141999948024749,0.8911999970674515,1.2142500028014183,40.60183503139005,-0.027452333044886368,-0.016694668793285565,-0.010757664251600803,0.9752092382046536,0.8825000047683715,0.7897907713320895,21.839083058466827,16.791607125733194,KZR
2024-04-10,0.8100000023841858,0.8199999928474426,0.7900000214576721,0.800000011920929,0.800000011920929,587700,0.8120000004768372,0.85,0.8760000050067902,0.9115999948978424,0.8913999974727631,1.2063500022888183,36.97391632826764,-0.030125181494793818,-0.019380771333587215,-0.010744410161206603,0.972622992413547,0.8760000050067902,0.7793770176000334,21.839083058466827,19.257040606953968,KZR
2024-04-11,0.800000011920929,0.8700000047683716,0.800000011920929,0.8600000143051147,0.8600000143051147,1329700,0.8200000047683715,0.8460000038146973,0.8735000044107437,0.9103999948501587,0.8920999974012375,1.1988000029325485,47.14590043981785,-0.027089661640059215,-0.020922549394881616,-0.006167112245177599,0.9690562775454493,0.8735000044107437,0.7779437312760381,27.586211621454833,23.754792579462748,KZR
2024-04-12,0.8600000143051147,0.8799999952316284,0.8500000238418579,0.8600000143051147,0.8600000143051147,622800,0.8320000052452088,0.8420000076293945,0.8740000039339065,0.9077999949455261,0.8922999978065491,1.1913500034809112,47.14590043981785,-0.024402691250850594,-0.02161857776607541,-0.002784113484775183,0.9691630296661985,0.8740000039339065,0.7788369782016146,32.49337648517195,27.30622372169779,KZR
2024-04-15,0.8600000143051147,0.8700000047683716,0.800000011920929,0.8100000023841858,0.8100000023841858,585800,0.8320000052452088,0.831000006198883,0.8705000042915344,0.9049999952316284,0.8917999976873398,1.1833500030636788,40.78429768430835,-0.026008026611962443,-0.022496467535252817,-0.0035115590767096257,0.9695908794370112,0.8705000042915344,0.7714091291460576,36.74624891559475,32.2752790074071,KZR
2024-04-16,0.8199999928474426,0.8299999833106995,0.7699999809265137,0.7799999713897705,0.7799999713897705,599300,0.8220000028610229,0.8230000019073487,0.8660000026226043,0.9015999948978424,0.8906999975442886,1.175350002348423,37.513549913255936,-0.029362545089744563,-0.023869683046151165,-0.005492862043593397,0.9726583481383417,0.8660000026226043,0.759341657106867,29.365720388685236,32.868448596483894,KZR
2024-04-17,0.800000011920929,0.8199999928474426,0.7699999809265137,0.8199999928474426,0.8199999928474426,454300,0.8259999990463257,0.8189999997615814,0.863500002026558,0.8993999946117401,0.8900999975204468,1.1672000020742417,43.966056521988946,-0.02846522828124387,-0.024788792093169705,-0.0036764361880741656,0.9719942545594132,0.863500002026558,0.7550057494937027,27.543854588506832,31.21860796426219,KZR
2024-04-18,0.8199999928474426,0.8199999928474426,0.7799999713897705,0.7900000214576721,0.7900000214576721,545400,0.8120000004768372,0.8160000026226044,0.8585000038146973,0.8963999950885773,0.888899997472763,1.1588500019907952,40.58139764214657,-0.029830972336659656,-0.025797228141867697,-0.004033744194791959,0.9707987237808204,0.8585000038146973,0.7462012838485741,24.951264681802346,27.286946552998057,KZR
2024-04-19,0.7799999713897705,0.800000011920929,0.7699999809265137,0.7900000214576721,0.7900000214576721,421200,0.7980000019073487,0.8150000035762787,0.8495000034570694,0.8935999953746796,0.8876999974250793,1.1506000018119813,40.58139764214658,-0.03056104562980122,-0.0267499916394544,-0.00381105399034682,0.95312915423513,0.8495000034570694,0.7458708526790089,28.57700681047244,27.024042026927123,KZR
2024-04-22,0.800000011920929,0.8399999737739563,0.7900000214576721,0.8199999928474426,0.8199999928474426,709600,0.8,0.8160000026226044,0.8420000016689301,0.890999995470047,0.886999997496605,1.1428000012040138,45.45161820079653,-0.02839160624000392,-0.027078314559564304,-0.0013132916804396155,0.9302269799494142,0.8420000016689301,0.753773023388446,31.85186259540609,28.460044695893544,KZR
2024-04-23,0.8100000023841858,0.8399999737739563,0.8100000023841858,0.8299999833106995,0.8299999833106995,518900,0.8100000023841858,0.8160000026226044,0.8375,0.8885999953746796,0.8865999972820282,1.1345500010251999,47.01073106177858,-0.0255706319091622,-0.02677677802948388,0.0012061461203216814,0.9182155453175377,0.8375,0.7567844546824624,44.95726849461809,35.12871263349879,KZR
2024-04-24,0.8100000023841858,0.8299999833106995,0.800000011920929,0.800000011920929,0.800000011920929,445600,0.806000006198883,0.8160000026226044,0.8330000013113021,0.8869999957084655,0.8862999975681305,1.1260000011324882,43.036621875463624,-0.025462223733365708,-0.026513867170260247,0.0010516434368945393,0.9115111433531057,0.8330000013113021,0.7544888592694986,48.88888977192081,41.899340287314914,KZR
2024-04-25,0.800000011920929,0.8100000023841858,0.7699999809265137,0.7900000214576721,0.7900000214576721,577500,0.806000006198883,0.8090000033378602,0.8275000035762787,0.886199996471405,0.8857999980449677,1.1173000013828278,41.76908336412181,-0.025884840798020115,-0.02638806189581222,0.0005032210977921059,0.9017630485714409,0.8275000035762787,0.7532369585811166,39.39395088794654,44.41336971816173,KZR
2024-04-26,0.800000011920929,0.8100000023841858,0.7799999713897705,0.800000011920929,0.800000011920929,496300,0.8080000042915344,0.8030000030994415,0.822500005364418,0.8853999972343445,0.8853999984264374,1.1086000016331672,43.55927792592114,-0.025123247056187292,-0.026135098927887235,0.0010118518716999425,0.8896937597379773,0.822500005364418,0.7553062509908588,27.9720512029424,38.7516306209365,KZR
2024-04-29,0.8199999928474426,0.8500000238418579,0.8100000023841858,0.8399999737739563,0.8399999737739563,597200,0.8120000004768372,0.8060000002384186,0.8185000032186508,0.8853999972343445,0.8851999980211258,1.100450001358986,50.159702970871756,-0.021049371845037634,-0.025117953511317313,0.004068581666279679,0.8695979473587656,0.8185000032186508,0.767402059078536,36.36365114164555,34.57655107751141,KZR
2024-04-30,0.8399999737739563,0.8500000238418579,0.8199999928474426,0.8199999928474426,0.8199999928474426,634000,0.8100000023841858,0.8100000023841858,0.8165000021457672,0.8849999976158142,0.884799997806549,1.092400000989437,47.18825617593997,-0.019213150464684636,-0.023936992901990778,0.004723842437306142,0.8639447035140113,0.8165000021457672,0.7690553007775232,45.45455038054852,36.59675090837874,KZR
2024-05-01,0.8299999833106995,0.8500000238418579,0.8100000023841858,0.8399999737739563,0.8399999737739563,970800,0.8179999947547912,0.8120000004768372,0.8155000001192093,0.8851999974250794,0.8844999974966049,1.0845000004768373,50.355413133685964,-0.015960122124518805,-0.022341618746496383,0.0063814966219775775,0.859985943892968,0.8155000001192093,0.7710140563454506,57.57574936575248,46.464650295982096,KZR
2024-05-02,0.8399999737739563,0.8700000047683716,0.8299999833106995,0.8500000238418579,0.8500000238418579,659600,0.8299999952316284,0.8180000007152557,0.81700000166893,0.8855999982357026,0.8842999976873398,1.0769500011205673,51.90839237328687,-0.012431846671684288,-0.020359664331533963,0.007927817659849675,0.8639467748839993,0.81700000166893,0.7700532284538608,63.030307693585065,55.353535813295274,KZR
2024-05-03,0.8600000143051147,0.8600000143051147,0.8299999833106995,0.8600000143051147,0.8600000143051147,193900,0.8419999957084656,0.825,0.8200000017881394,0.8857999980449677,0.8842999976873398,1.069300000667572,53.4757050431075,-0.008728134793657416,-0.018033358423958652,0.009305223630301236,0.8697995981670457,0.8200000017881394,0.7702004054092331,77.87879487371093,66.16161731101607,KZR
2024-05-06,0.8600000143051147,0.8600000143051147,0.800000011920929,0.8100000023841858,0.8100000023841858,497500,0.8360000014305115,0.8240000009536743,0.8200000017881394,0.8839999985694885,0.8839999979734421,1.0612500002980232,45.49243628400303,-0.009715505244238587,-0.01636978778801464,0.006654282543776053,0.8697995981670457,0.8200000017881394,0.7702004054092331,70.00001589456815,70.30303948728796,KZR
2024-05-07,0.8299999833106995,0.8500000238418579,0.800000011920929,0.8399999737739563,0.8399999737739563,453300,0.8399999976158142,0.825,0.8205000013113022,0.8827999985218048,0.8839999979734421,1.0533999997377395,50.28781084879279,-0.007985207962242336,-0.014692871822860179,0.0067076638606178435,0.8708884885996278,0.8205000013113022,0.7701115140229766,66.66666666666667,71.51515914498184,KZR
2024-05-08,0.8299999833106995,0.8399999737739563,0.800000011920929,0.8199999928474426,0.8199999928474426,620200,0.8360000014305115,0.8269999980926513,0.8215000003576278,0.879799997806549,0.8836999976634979,1.046099999845028,47.30021204901499,-0.008134002496556936,-0.01338109795759953,0.005247095461042595,0.8710075729857324,0.8215000003576278,0.7719924277295233,53.3333293596913,63.33333730697529,KZR
2024-05-09,0.8199999928474426,0.8399999737739563,0.8100000023841858,0.8199999928474426,0.8199999928474426,669700,0.8299999952316284,0.8299999952316284,0.8194999992847443,0.8753999984264373,0.8833999973535538,1.039099999666214,47.300212049014995,-0.008157884225760026,-0.012336455211231629,0.004178570985471603,0.8657493184156847,0.8194999992847443,0.7732506801538038,56.66665871938259,58.88888491524676,KZR
2024-05-10,0.800000011920929,0.8100000023841858,0.7699999809265137,0.7699999809265137,0.7699999809265137,1067700,0.8119999885559082,0.8269999921321869,0.8149999976158142,0.869799998998642,0.8826999974250793,1.0316499996185302,40.349796264793056,-0.012072232580215392,-0.012283610685028382,0.0002113781048129898,0.862116869118038,0.8149999976158142,0.7678831261135904,33.333333333333336,47.77777380413565,KZR
2024-05-13,0.7900000214576721,0.8100000023841858,0.7200000286102295,0.75,0.75,1525100,0.799999988079071,0.8179999947547912,0.8119999974966049,0.8641999995708466,0.8817999976873397,1.0246999990940093,37.94776811387615,-0.01659689449786994,-0.013146267447596694,-0.003450627050273247,0.8669909015157647,0.8119999974966049,0.757009093477445,23.333328035141847,37.777773362619165,KZR
2024-05-14,0.7300000190734863,0.8100000023841858,0.7300000190734863,0.7900000214576721,0.7900000214576721,1219600,0.7899999976158142,0.8149999976158142,0.8125,0.8596000003814698,0.8811999976634979,1.017649998962879,44.999829854070214,-0.016761834237324913,-0.013869380805542338,-0.0028924534317825747,0.8664907304062986,0.8125,0.7585092695937014,22.222217807062652,26.296293058512518,KZR
2024-05-15,0.800000011920929,0.800000011920929,0.7699999809265137,0.7699999809265137,0.7699999809265137,425100,0.7799999952316284,0.80799999833107,0.8099999994039535,0.8544000005722046,0.8803999972343445,1.010299998819828,42.40487491713086,-0.01829548730363051,-0.014754602105159973,-0.0035408851984705357,0.866920991169664,0.8099999994039535,0.753079007638243,33.33332008785462,26.29628864335295,KZR
2024-05-16,0.7699999809265137,0.7799999713897705,0.7400000095367432,0.7699999809265137,0.7699999809265137,623300,0.7699999928474426,0.7999999940395355,0.8089999973773956,0.8492000007629394,0.87969999730587,1.0031999984383584,42.40487491713087,-0.019288571759526585,-0.015661396036033295,-0.0036271757234932894,0.8679576072292884,0.8089999973773956,0.7500423875255028,37.7777610001714,31.111099631696135,KZR
2024-05-17,0.7799999713897705,0.7799999713897705,0.7599999904632568,0.7699999809265137,0.7699999809265137,266000,0.7699999928474426,0.7909999907016754,0.8079999953508377,0.8446000003814698,0.8788999968767166,0.9960999980568885,42.40487491713087,-0.01984681659808296,-0.01649848014844323,-0.003348336449639732,0.868860493072097,0.8079999953508377,0.7471394976295783,33.33330684237589,34.814795976800546,KZR
2024-05-20,0.7699999809265137,0.7699999809265137,0.7400000095367432,0.7699999809265137,0.7699999809265137,563700,0.7739999890327454,0.7869999885559082,0.8054999947547913,0.8408000004291535,0.8779999965429306,0.989199997484684,42.40487491713087,-0.02005801336221591,-0.017210386791197765,-0.002847626571018145,0.8682614510972309,0.8054999947547913,0.7427385384123517,33.33330684237589,34.81479156164097,KZR
2024-05-21,0.7799999713897705,0.800000011920929,0.7599999904632568,0.7799999713897705,0.7799999713897705,571600,0.7719999790191651,0.7809999883174896,0.8029999941587448,0.8374000000953674,0.876099995970726,0.9824499967694282,44.555119413429665,-0.019197179526650454,-0.0176077453382883,-0.001589434188362153,0.8656418391250214,0.8029999941587448,0.7403581491924682,35.55552729853428,34.074046994428606,KZR
2024-05-22,0.7799999713897705,0.7900000214576721,0.75,0.7699999809265137,0.7699999809265137,208300,0.7719999790191651,0.7759999871253968,0.801499992609024,0.8341999995708466,0.8739999955892563,0.9757499971985817,42.832992250236764,-0.019101685823186276,-0.017906533435267897,-0.0011951523879183794,0.8657728556085987,0.801499992609024,0.7372271296094494,36.34917678565884,35.07933697552292,KZR
2024-05-23,0.7599999904632568,0.7900000214576721,0.7200000286102295,0.7300000190734863,0.7300000190734863,524400,0.7639999866485596,0.7669999897480011,0.7984999924898147,0.8305999994277954,0.8717999958992004,0.9691499975323677,36.71926259430404,-0.022000065937543556,-0.018725239935723028,-0.003274826001820528,0.8698512383872868,0.7984999924898147,0.7271487465923426,27.619024858450178,33.17457631421435,KZR
2024-05-24,0.7300000190734863,0.7400000095367432,0.699999988079071,0.7099999785423279,0.7099999785423279,497100,0.7519999861717224,0.7609999895095825,0.7939999908208847,0.8277999985218049,0.869399995803833,0.962649997472763,34.098548241596184,-0.025615608395009315,-0.020103313627580284,-0.005512294767429031,0.8750925349487042,0.7939999908208847,0.7129074466930652,16.507921694627353,26.825374446245373,KZR
2024-05-28,0.699999988079071,0.7300000190734863,0.699999988079071,0.7099999785423279,0.7099999785423279,611300,0.7399999856948852,0.7569999873638154,0.7874999910593032,0.8243999981880188,0.8674999958276749,0.9559499976038933,34.098548241596184,-0.028156382589377027,-0.021713927419939633,-0.006442455169437394,0.8734941853502171,0.7874999910593032,0.7015057967683894,6.984120280294138,17.03702227779047,KZR
2024-05-29,0.7099999785423279,0.7099999785423279,0.6800000071525574,0.6899999976158142,0.6899999976158142,679900,0.721999990940094,0.7469999849796295,0.7809999912977219,0.8207999980449676,0.8656999957561493,0.951849997639656,31.49184321602756,-0.03142158725899524,-0.023655459387750755,-0.007766127871244487,0.8754245706464845,0.7809999912977219,0.6865754119489593,6.686501707839551,10.059514560920261,KZR
2024-05-30,0.699999988079071,0.7099999785423279,0.6700000166893005,0.6800000071525574,0.6800000071525574,845500,0.7039999961853027,0.7379999876022338,0.7729999929666519,0.8169999980926513,0.8632999956607819,0.9474999979138374,30.246784315510727,-0.03441943531620384,-0.025808254573441373,-0.008611180742762466,0.8730199962911268,0.7729999929666519,0.672979989642177,6.845232488295326,6.838618158809585,KZR
2024-05-31,0.699999988079071,0.699999988079071,0.6700000166893005,0.6899999976158142,0.6899999976158142,475600,0.6959999918937683,0.7299999892711639,0.7649999916553497,0.81299999833107,0.860999995470047,0.9432499980926514,33.095391301523826,-0.03557821235750391,-0.02776224613025388,-0.007815966227250032,0.8646995396773748,0.7649999916553497,0.6653004436333246,9.22618284187863,7.585972346004415,KZR
2024-06-03,0.699999988079071,0.7300000190734863,0.6899999976158142,0.7099999785423279,0.7099999785423279,337500,0.6959999918937683,0.7239999890327453,0.7574999898672103,0.8077999973297119,0.8589999949932099,0.9395499977469445,38.504506964919464,-0.03448519632042457,-0.02910683616828802,-0.005378360152136552,0.849776743149407,0.7574999898672103,0.6652232365850137,16.66665247508313,10.912689268418942,KZR
2024-06-04,0.699999988079071,0.7300000190734863,0.6899999976158142,0.699999988079071,0.699999988079071,189500,0.693999993801117,0.716999989748001,0.7519999891519547,0.8023999965190888,0.8569999951124191,0.9360999977588653,36.89819447479263,-0.03403357107111593,-0.0300921831488536,-0.00394138792226233,0.8442171184886574,0.7519999891519547,0.6597828598152519,21.97800276000314,15.95694602565488,KZR
2024-06-05,0.699999988079071,0.7300000190734863,0.6800000071525574,0.699999988079071,0.699999988079071,486100,0.6959999918937683,0.7089999914169312,0.7449999898672104,0.7979999959468842,0.8548999947309494,0.9331499978899955,36.89819447479263,-0.033291886661303005,-0.030732123851343482,-0.002559762809959523,0.8304400246681043,0.7449999898672104,0.6595599550663165,24.908402691339848,21.18435264214195,KZR
2024-06-06,0.6800000071525574,0.699999988079071,0.6499999761581421,0.6800000071525574,0.6800000071525574,718400,0.6959999918937683,0.6999999940395355,0.7379999905824661,0.7937999963760376,0.8523999947309494,0.9301499980688095,33.64275664402521,-0.03392684024135606,-0.031371067129345995,-0.002555773112010065,0.8206074905325697,0.7379999905824661,0.6553924906323626,22.051273241862685,22.97922623106847,KZR
2024-06-07,0.6899999976158142,0.699999988079071,0.6499999761581421,0.6800000071525574,0.6800000071525574,589100,0.693999993801117,0.6949999928474426,0.7309999912977219,0.7893999969959259,0.8502999949455261,0.9265499982237816,33.64275664402522,-0.03403768033693766,-0.03190438977086433,-0.00213329056607333,0.8081751079438493,0.7309999912977219,0.6538248746515944,21.025644568215416,22.661773500472563,KZR
2024-06-10,0.6800000071525574,0.7300000190734863,0.6800000071525574,0.7200000286102295,0.7200000286102295,558900,0.6960000038146973,0.6959999978542328,0.7284999936819077,0.7857999980449677,0.8486999952793122,0.9227999982237816,44.91558817367655,-0.0305457421720442,-0.0316326602511003,0.0010869180790561012,0.8036731183651555,0.7284999936819077,0.6533268689986598,28.88890743255173,23.98860841420986,KZR
2024-06-11,0.7099999785423279,0.7099999785423279,0.6800000071525574,0.7099999785423279,0.7099999785423279,180100,0.6980000019073487,0.6959999978542328,0.7264999926090241,0.7815999972820282,0.8473999953269958,0.9188499981164933,42.951116496910956,-0.028259518348304535,-0.030958031870541147,0.002698513522236611,0.8014065925530478,0.7264999926090241,0.6515933926650004,36.50794569867353,28.807499233146803,KZR
2024-06-12,0.7200000286102295,0.75,0.699999988079071,0.7099999785423279,0.7099999785423279,478100,0.7,0.6979999959468841,0.7224999904632569,0.7785999965667725,0.8461999952793121,0.9141499981284141,42.95111649691096,-0.02614627155365601,-0.029995679807164118,0.003849408253508109,0.791745914578646,0.7224999904632569,0.6532540663478678,44.126983964795336,36.507945698673446,KZR
2024-06-13,0.7099999785423279,0.7200000286102295,0.6800000071525574,0.6899999976158142,0.6899999976158142,214300,0.7019999980926513,0.6989999949932099,0.7184999912977219,0.7751999962329864,0.8447999954223633,0.9093499982357025,38.995121512829925,-0.02578807073086231,-0.029154157991903757,0.0033660872610414456,0.7855149009933394,0.7184999912977219,0.6514850816021044,41.904757768931084,40.84656247746656,KZR
2024-06-14,0.6899999976158142,0.7099999785423279,0.6700000166893005,0.6800000071525574,0.6800000071525574,205600,0.7019999980926513,0.6979999959468841,0.713999992609024,0.7723999965190887,0.8433999955654145,0.9044499984383583,37.15254904104477,-0.026011267949607286,-0.028525579983444464,0.0025143120338371773,0.7786219558893319,0.713999992609024,0.6493780293287161,37.619055485237304,41.216932406321156,KZR
2024-06-17,0.6899999976158142,0.699999988079071,0.6600000262260437,0.6600000262260437,0.6600000262260437,304100,0.6899999976158142,0.6930000007152557,0.7084999948740005,0.7695999968051911,0.8419999957084656,0.8995999985933304,33.720718755384596,-0.02748515293336462,-0.028317494573428494,0.0008323416400638738,0.7718324334297777,0.7084999948740005,0.6451675563182233,26.66669448216093,35.396835912109694,KZR
2024-06-18,0.6600000262260437,0.6899999976158142,0.6499999761581421,0.6499999761581421,0.6499999761581421,595200,0.6779999971389771,0.6879999995231628,0.702499994635582,0.7663999962806701,0.8402999955415725,0.8953999984264374,32.12296415803211,-0.029124409801458695,-0.028478877619034535,-0.0006455321824241599,0.7641035541353066,0.702499994635582,0.6408964351358574,13.33335717518556,25.87303571419452,KZR
2024-06-20,0.6600000262260437,0.6899999976158142,0.6499999761581421,0.6600000262260437,0.6600000262260437,179800,0.6680000066757202,0.6840000033378602,0.6964999973773957,0.762999997138977,0.838599995970726,0.8908499982953072,35.41835578531156,-0.02927910096276587,-0.028638922287780803,-0.000640178674985066,0.7495188511770174,0.6964999973773957,0.6434811435777739,6.666698455802969,15.55558337104974,KZR
2024-06-21,0.6600000262260437,0.6600000262260437,0.6299999952316284,0.6399999856948853,0.6399999856948853,743900,0.6580000042915344,0.6800000011920929,0.6899999976158142,0.7597999966144562,0.8356999957561493,0.8864999982714653,32.06535536817668,-0.03066207760202755,-0.029043553350630153,-0.0016185242513973956,0.7369041511451574,0.6899999976158142,0.643095844086471,6.111124246205077,8.703726625731122,KZR
2024-06-24,0.6399999856948853,0.6600000262260437,0.6399999856948853,0.6499999761581421,0.6499999761581421,522800,0.6519999980926514,0.6769999980926513,0.685999995470047,0.7555999958515167,0.8329999953508377,0.8825999984145164,35.36037085942259,-0.03059846088526863,-0.02935453485755785,-0.001243926027710781,0.7322168706309633,0.685999995470047,0.6397831203091306,11.666674282812261,8.148165661606688,KZR
2024-06-25,0.6499999761581421,0.6600000262260437,0.6399999856948853,0.6600000262260437,0.6600000262260437,951500,0.6519999980926514,0.6709999978542328,0.6834999978542328,0.7515999960899353,0.8296999955177307,0.8792999982833862,38.56915086769581,-0.02940219352757356,-0.029364066591560992,-3.8126936012568974e-05,0.7296627473387164,0.6834999978542328,0.6373372483697491,16.666666666666668,11.481488398561254,KZR
2024-06-26,0.6499999761581421,0.6600000262260437,0.6299999952316284,0.6299999952316284,0.6299999952316284,501700,0.6480000019073486,0.6629999995231628,0.6794999986886978,0.7479999959468842,0.8264999955892562,0.8763999980688095,33.23843148917886,-0.030523044155400303,-0.029595862104328855,-0.0009271820510714478,0.7294899949629504,0.6794999986886978,0.6295100024144452,13.888891648363076,14.07407753261392,KZR
2024-06-27,0.6399999856948853,0.6600000262260437,0.6299999952316284,0.6299999952316284,0.6299999952316284,718400,0.6419999957084656,0.6550000011920929,0.6764999985694885,0.7449999964237213,0.8232999956607818,0.8735499978065491,33.23843148917886,-0.03105336252016022,-0.029887362187495128,-0.0011660003326650938,0.7306387074347268,0.6764999985694885,0.6223612897042502,8.333341611755891,12.962966642261797,KZR
2024-06-28,0.6399999856948853,0.6399999856948853,0.6000000238418579,0.6000000238418579,0.6000000238418579,9811600,0.6340000033378601,0.6460000038146972,0.6724999994039536,0.7405999970436096,0.8199999958276749,0.8704499977827073,28.646587342005787,-0.033508129754182825,-0.03061151570083267,-0.0028966140533501564,0.7360216416918147,0.6724999994039536,0.6089783571160924,1.1842378929335002e-15,7.407411086706241,KZR
2024-07-01,0.6000000238418579,0.6299999952316284,0.5799999833106995,0.5799999833106995,0.5799999833106995,1049200,0.6200000047683716,0.6360000014305115,0.6669999986886979,0.7363999962806702,0.8163999956846237,0.8673999974131584,26.061686691360126,-0.036644966236268006,-0.03181820580791973,-0.004826760428348273,0.741592220906856,0.6669999986886979,0.5924077764705398,1.1842378929335002e-15,2.7777805372518833,KZR
2024-07-02,0.5799999833106995,0.5899999737739563,0.5400000214576721,0.5699999928474426,0.5699999928474426,903500,0.6019999980926514,0.6269999980926514,0.6599999994039536,0.7319999957084655,0.8127999955415726,0.8641999971866607,24.854089179469415,-0.03948271524082514,-0.033351107694500816,-0.006131607546324323,0.7429457661956081,0.6599999994039536,0.577054232612299,4.761900707166609,1.5873002357221224,KZR
2024-07-03,0.5799999833106995,0.5799999833106995,0.5699999928474426,0.5799999833106995,0.5799999833106995,282100,0.5919999957084656,0.6199999988079071,0.653999999165535,0.7271999955177307,0.8090999954938889,0.8606499972939491,28.4256792635946,-0.040458357355693364,-0.03477255762673932,-0.005685799728954041,0.7417268531692774,0.653999999165535,0.5662731451617925,12.169300755976188,5.643733821047518,KZR
2024-07-05,0.5699999928474426,0.5799999833106995,0.5699999928474426,0.5799999833106995,0.5799999833106995,197900,0.5819999933242798,0.6119999945163727,0.6479999989271163,0.7221999955177307,0.8053999954462051,0.8574499970674515,28.4256792635946,-0.04076168542454228,-0.035970383186299915,-0.0047913022382423676,0.7386862800022832,0.6479999989271163,0.5573137178519495,20.01243251102488,12.31454465805581,KZR
2024-07-08,0.5699999928474426,0.6000000238418579,0.550000011920929,0.550000011920929,0.550000011920929,380100,0.571999990940094,0.602999997138977,0.641499999165535,0.7171999955177307,0.8020999956130982,0.8542499968409538,24.392056377970846,-0.042927975100180094,-0.03736190156907595,-0.0055660735311041445,0.7403483728142619,0.641499999165535,0.5426516255168081,17.33386358498699,16.505198950662603,KZR
2024-07-09,0.550000011920929,0.5799999833106995,0.550000011920929,0.5600000023841858,0.5600000023841858,318300,0.5679999947547912,0.5939999997615815,0.6354999989271164,0.7125999951362609,0.799399995803833,0.8513499969244003,28.056752009197005,-0.04333828287063157,-0.03855717782938707,-0.004781105041244502,0.7387424356168152,0.6354999989271164,0.5322575622374176,14.370904448494194,17.239066848168605,KZR
2024-07-10,0.5699999928474426,0.5899999737739563,0.5600000023841858,0.5699999928474426,0.5699999928474426,481700,0.5679999947547912,0.5849999964237214,0.627999997138977,0.7079999947547913,0.7966999959945679,0.8483499971032142,31.625761243667444,-0.04236814547012002,-0.03931937135753366,-0.003048774112586361,0.7273176681866622,0.627999997138977,0.5286823260912918,13.194434061920681,14.966400698467206,KZR
2024-07-11,0.5699999928474426,0.6299999952316284,0.5699999928474426,0.6299999952316284,0.6299999952316284,931100,0.5779999971389771,0.5849999964237214,0.6239999979734421,0.7037999951839446,0.7945999962091446,0.8457999971508979,48.22285640039661,-0.03633891346505347,-0.038723279779037625,0.002384366313984157,0.7159565117040266,0.6239999979734421,0.5320434842428575,36.111094002369406,21.225477504261345,KZR
2024-07-12,0.6299999952316284,0.6800000071525574,0.6200000047683716,0.6399999856948853,0.6399999856948853,382300,0.5899999976158142,0.585999995470047,0.62049999833107,0.7001999950408936,0.7925999963283539,0.8433999970555306,50.38452796096896,-0.03040331748720526,-0.03705928732067115,0.006655969833465891,0.7040404138037277,0.62049999833107,0.5369595828584122,55.47617081746921,34.927232960586345,KZR
2024-07-15,0.6399999856948853,0.6700000166893005,0.6200000047683716,0.6399999856948853,0.6399999856948853,546900,0.6079999923706054,0.5899999916553498,0.6179999977350235,0.6961999952793121,0.7906999963521958,0.8411999967694282,50.38452796096896,-0.02540644522550417,-0.034728718901637756,0.009322273676133586,0.6958716930212147,0.6179999977350235,0.5401283024488323,72.61902717641061,54.735430665416324,KZR
2024-07-16,0.6299999952316284,0.6800000071525574,0.6299999952316284,0.6499999761581421,0.6499999761581421,946200,0.6259999871253967,0.596999990940094,0.6164999961853027,0.6921999943256378,0.7888999962806702,0.8386999967694283,52.67593896073887,-0.02040426463906253,-0.03186382804912271,0.01145956341006018,0.6906012809137719,0.6164999961853027,0.5423987114568335,73.80950353583304,67.30156717657087,KZR
2024-07-17,0.6399999856948853,0.699999988079071,0.6399999856948853,0.6800000071525574,0.6800000071525574,658500,0.6479999899864197,0.6079999923706054,0.6174999952316285,0.6885999941825867,0.7871999961137771,0.8361999970674515,58.82028914999488,-0.013859485187007525,-0.028262959476699673,0.014403474289692148,0.6944090334644522,0.6174999952316285,0.5405909569988048,79.16665557949237,75.1983954305786,KZR
2024-07-18,0.6800000071525574,0.699999988079071,0.6399999856948853,0.6399999856948853,0.6399999856948853,369900,0.649999988079071,0.613999992609024,0.6169999957084655,0.6851999938488007,0.7845999962091446,0.8334499967098236,49.57752268194057,-0.011764751029604836,-0.024963317787280705,0.013198566757675868,0.693183985666529,0.6169999957084655,0.5408160057504021,76.19046808099989,76.38887573210836,KZR
2024-07-19,0.6399999856948853,0.6700000166893005,0.6299999952316284,0.6299999952316284,0.6299999952316284,194400,0.6479999899864197,0.6189999938011169,0.6154999941587448,0.6809999942779541,0.7818999963998795,0.830849996805191,47.56524189947128,-0.010787226344610601,-0.022128099498746685,0.011340873154136084,0.689385038517882,0.6154999941587448,0.5416149497996076,68.74999844779539,74.7023740360958,KZR
2024-07-22,0.6399999856948853,0.6399999856948853,0.6200000047683716,0.6299999952316284,0.6299999952316284,232700,0.6459999918937683,0.6269999921321869,0.614999994635582,0.6771999943256378,0.7784999960660934,0.8287999969720841,47.56524189947129,-0.009898428071813292,-0.019682165213360005,0.009783737141546713,0.6883484770399735,0.614999994635582,0.5416515122311905,58.33332712451488,67.75793121776996,KZR
2024-07-23,0.6299999952316284,0.6399999856948853,0.6100000143051147,0.6299999952316284,0.6299999952316284,257300,0.6419999957084656,0.6339999914169312,0.6139999955892563,0.6733999943733215,0.7743999963998794,0.8268999969959259,47.56524189947129,-0.009089273549572563,-0.017563586880602517,0.008474313331029954,0.6859444195630217,0.6139999955892563,0.542055571615491,55.277773790336646,60.78703312088222,KZR
2024-07-24,0.6299999952316284,0.6800000071525574,0.6299999952316284,0.6600000262260437,0.6600000262260437,325600,0.6379999995231629,0.6429999947547913,0.6139999955892563,0.6711999952793122,0.7704999971389771,0.8255499970912933,54.486985763262716,-0.00595857424570323,-0.015242584353622659,0.009284010107919429,0.6859444195630217,0.6139999955892563,0.542055571615491,60.97222685124101,58.19444258869743,KZR
2024-07-25,0.6499999761581421,0.6700000166893005,0.6399999856948853,0.6600000262260437,0.6600000262260437,604600,0.6420000076293946,0.6459999978542328,0.6154999971389771,0.669399995803833,0.7667999976873398,0.824049997329712,54.486985763262716,-0.0034378431757691175,-0.01288163611805195,0.009443792942282833,0.6899244601086636,0.6154999971389771,0.5410755341692906,66.6666799121454,60.97222685124094,KZR
2024-07-26,0.6700000166893005,0.6800000071525574,0.6499999761581421,0.6700000166893005,0.6700000166893005,132500,0.6500000119209289,0.6490000009536743,0.6174999982118606,0.6669999957084656,0.7632999980449676,0.8227999973297119,56.6968374151533,-0.0006260136888570633,-0.010430511632212973,0.00980449794335591,0.6954422916629779,0.6174999982118606,0.5395577047607434,75.55557498225768,67.73149391521461,KZR
2024-07-29,0.6700000166893005,0.699999988079071,0.6700000166893005,0.6800000071525574,0.6800000071525574,314000,0.6600000143051148,0.6530000030994415,0.6214999973773956,0.6651999962329864,0.7597999984025955,0.8209999975562096,58.8486116199924,0.0023818407174890366,-0.007868041162272571,0.010249881879761608,0.7035426785747466,0.6214999973773956,0.5394573161800446,79.68255609972465,73.96827033137582,KZR
2024-07-30,0.6700000166893005,0.6899999976158142,0.6499999761581421,0.6600000262260437,0.6600000262260437,257800,0.6660000205039978,0.6540000081062317,0.6254999995231628,0.6629999971389771,0.7560999989509583,0.8188999974727631,53.15916637374528,0.003115838247212066,-0.005671265280375644,0.00878710352758771,0.7068572467734707,0.6254999995231628,0.5441427522728549,78.31503707302046,77.85105605166751,KZR
2024-07-31,0.6600000262260437,0.6800000071525574,0.6499999761581421,0.6499999761581421,0.6499999761581421,213200,0.6640000104904175,0.6510000050067901,0.6294999986886978,0.6605999970436096,0.7525999987125397,0.8175499972701072,50.52872102653634,0.002857674616966288,-0.003965477300907257,0.006823151917873545,0.7073395858514817,0.6294999986886978,0.5516604115259138,66.46317011151008,74.82025442808498,KZR
2024-08-01,0.6499999761581421,0.6700000166893005,0.6299999952316284,0.6299999952316284,0.6299999952316284,252000,0.6580000042915344,0.6500000059604645,0.6319999992847443,0.657799997329712,0.7492999988794327,0.8158999973535538,45.66218542560179,0.0010274034980837232,-0.0029669011411090607,0.003994304639192784,0.7064580479603293,0.6319999992847443,0.5575419506091592,45.29913998701726,63.359115723849186,KZR
2024-08-02,0.6299999952316284,0.6299999952316284,0.6100000143051147,0.6100000143051147,0.6100000143051147,214600,0.6460000038146972,0.6480000078678131,0.633500000834465,0.6543999981880187,0.7458999991416931,0.8139499974250793,41.371134102983206,-0.002013717976638296,-0.0027762645082149077,0.0007625465315766115,0.704851248402673,0.633500000834465,0.562148753266257,22.222207505021686,44.6615058678496,KZR
2024-08-05,0.5799999833106995,0.5899999737739563,0.5600000023841858,0.5899999737739563,0.5899999737739563,223500,0.627999997138977,0.6440000057220459,0.6354999989271164,0.6507999980449677,0.7424999988079071,0.8115999975800514,37.5690381764669,-0.005968859482377464,-0.003414783503047419,-0.0025540759793300453,0.6992102916685414,0.6354999989271164,0.5717897061856914,14.550253562423803,27.357200351487506,KZR
2024-08-06,0.6200000047683716,0.6200000047683716,0.5699999928474426,0.5799999833106995,0.5799999833106995,256500,0.6119999885559082,0.639000004529953,0.636499997973442,0.6477999973297119,0.7391999983787536,0.8095499974489212,35.7975729962303,-0.009797315918616656,-0.004691289986161267,-0.005106025932455389,0.6959222316904249,0.636499997973442,0.5770777642564592,11.904751767916514,16.225737611787256,KZR
2024-08-07,0.5899999737739563,0.5899999737739563,0.550000011920929,0.5699999928474426,0.5699999928474426,242000,0.5959999918937683,0.6300000011920929,0.636499997973442,0.6449999976158142,0.7363999980688095,0.8075999975204468,34.06764002271188,-0.013482888537598048,-0.006449609696448623,-0.007033278841149425,0.6959222316904249,0.636499997973442,0.5770777642564592,16.349192680233298,14.268066003524462,KZR
2024-08-08,0.5799999833106995,0.5899999737739563,0.5699999928474426,0.5799999833106995,0.5799999833106995,146700,0.5859999895095825,0.6219999969005585,0.6339999973773957,0.6423999977111816,0.7333999979496002,0.8057499974966049,37.329201756098094,-0.015419074244430897,-0.008243502606045078,-0.0071755716383858185,0.6983117550290402,0.6339999973773957,0.5696882397257511,15.873002987958564,14.708982478702715,KZR
2024-08-09,0.5899999737739563,0.5899999737739563,0.550000011920929,0.5600000023841858,0.5600000023841858,253900,0.5759999871253967,0.610999995470047,0.6299999982118607,0.6397999978065491,0.7302999979257584,0.8039499974250793,33.73485098764046,-0.018355752986150775,-0.010265952682066218,-0.008089800304084557,0.7018331526656603,0.6299999982118607,0.5581668437580611,13.333322736950349,15.185172801713994,KZR
2024-08-12,0.6000000238418579,0.6000000238418579,0.5600000023841858,0.5899999737739563,0.5899999737739563,247300,0.5759999871253967,0.6019999921321869,0.6274999976158142,0.637999997138977,0.7274999976158142,0.802499997317791,42.65448711279286,-0.018054227183059046,-0.011823607582264783,-0.006230619600794263,0.7012224671073964,0.6274999976158142,0.553777528124232,17.777763649267133,15.661363124725272,KZR
2024-08-13,0.5899999737739563,0.6100000143051147,0.5699999928474426,0.5799999833106995,0.5799999833106995,297900,0.5759999871253967,0.5939999878406524,0.6239999979734421,0.6357999968528748,0.7243999975919724,0.8010999971628189,40.68842917793287,-0.01840996287647423,-0.013140878641106673,-0.005269084235367556,0.6997364025809162,0.6239999979734421,0.548263593365968,17.777763649267133,16.29628334516146,KZR
2024-08-14,0.6000000238418579,0.6200000047683716,0.5600000023841858,0.6100000143051147,0.6100000143051147,893900,0.5839999914169312,0.5899999916553498,0.62049999833107,0.6337999975681305,0.7207999974489212,0.8001499971747399,48.37601402492661,-0.01608570816519117,-0.013729844545923572,-0.0023558636192675987,0.6919072997491399,0.62049999833107,0.549092696913,28.888879175537824,21.48146882469062,KZR
2024-08-15,0.6000000238418579,0.6399999856948853,0.5899999737739563,0.6200000047683716,0.6200000047683716,579800,0.5919999957084656,0.588999992609024,0.6194999992847443,0.6321999979019165,0.7172999972105026,0.7995999971032143,50.67117844185598,-0.013283677933753069,-0.01364061122348947,0.0003569332897364018,0.6903449200674996,0.6194999992847443,0.548655078501989,35.55555378949172,27.40739887143215,KZR
2024-08-16,0.6399999856948853,0.6399999856948853,0.6000000238418579,0.6100000143051147,0.6100000143051147,188600,0.6019999980926514,0.588999992609024,0.6185000002384186,0.6303999984264373,0.7141999971866607,0.7988499972224236,48.355934624021614,-0.011734694194695194,-0.013259427817730615,0.0015247336230354205,0.6892884369233063,0.6185000002384186,0.5477115635535308,43.174608734099905,35.87301389970974,KZR
2024-08-19,0.6100000143051147,0.6200000047683716,0.6000000238418579,0.6100000143051147,0.6100000143051147,320900,0.6060000061988831,0.5909999966621399,0.6175000011920929,0.6289999985694885,0.7113999974727631,0.7982999971508979,48.355934624021614,-0.010387374237374125,-0.012685017101659316,0.002297642864285191,0.6881753345915492,0.6175000011920929,0.5468246677926366,45.22588931192028,41.31868394517056,KZR
2024-08-20,0.5899999737739563,0.6100000143051147,0.5799999833106995,0.6000000238418579,0.6000000238418579,349100,0.6100000143051147,0.5930000007152557,0.6160000026226043,0.6273999989032746,0.7083999979496002,0.797499997317791,45.92244181155904,-0.010011127079990634,-0.01215023909732558,0.0021391120173349463,0.6868237460957115,0.6160000026226043,0.5451762591494972,43.55922452169588,43.98657418923862,KZR
2024-08-21,0.6000000238418579,0.6299999952316284,0.6000000238418579,0.6299999952316284,0.6299999952316284,237000,0.6140000104904175,0.5990000009536743,0.6145000010728836,0.6255999982357026,0.7056999981403351,0.7966999971866607,53.485157575697414,-0.007209099514423722,-0.011162011180745208,0.003952911666321486,0.6827568847121015,0.6145000010728836,0.5462431174336657,58.903140291108905,49.22941804157495,KZR
2024-08-22,0.6299999952316284,0.6299999952316284,0.6100000143051147,0.6100000143051147,0.6100000143051147,89500,0.6120000123977661,0.6020000040531158,0.6120000004768371,0.6235999989509583,0.7025999981164932,0.7955499973893165,48.60498742381298,-0.006527063865858995,-0.010235021717767965,0.00370795785190897,0.6769923205663018,0.6120000004768371,0.5470076803873725,65.74075331168194,56.06770604149551,KZR
2024-08-23,0.6200000047683716,0.6499999761581421,0.6200000047683716,0.6299999952316284,0.6299999952316284,258200,0.6160000085830688,0.6090000033378601,0.6099999994039536,0.6219999992847443,0.7002999979257584,0.7944999974966049,53.20332995470969,-0.004322882883633694,-0.009052593950941112,0.004729711067307418,0.6700000097335383,0.6099999994039536,0.5499999890743688,78.51853230362994,67.72080863547353,KZR
2024-08-26,0.6299999952316284,0.6899999976158142,0.6200000047683716,0.6800000071525574,0.6800000071525574,1054800,0.6300000071525573,0.6180000066757202,0.6099999994039536,0.6217999994754791,0.6984999978542328,0.793699997663498,62.287594733543685,0.0014419081005045964,-0.00695369354065197,0.008395601641156566,0.6700000097335383,0.6099999994039536,0.5499999890743688,79.84128320088358,74.70018960539842,KZR
2024-08-27,0.6800000071525574,0.6800000071525574,0.6399999856948853,0.6399999856948853,0.6399999856948853,155900,0.6379999995231629,0.6240000069141388,0.6089999973773956,0.6209999990463256,0.6966999977827072,0.7926999977231026,53.362975943916716,0.0027511653296247163,-0.005012721766596633,0.007763887096221349,0.6662363540258326,0.6089999973773956,0.5517636407289587,79.04762099389437,79.1358121661359,KZR
2024-08-28,0.6399999856948853,0.6700000166893005,0.6100000143051147,0.6100000143051147,0.6100000143051147,200200,0.6340000033378601,0.6240000069141388,0.6069999992847442,0.6199999988079071,0.6947999978065491,0.7920499977469444,47.82800118435802,0.0013524242406673936,-0.0037396925651438278,0.005092116805811221,0.6610740310159888,0.6069999992847442,0.5529259675534997,66.66666666666666,75.18519028714815,KZR
2024-08-29,0.6299999952316284,0.6499999761581421,0.5899999737739563,0.6000000238418579,0.6000000238418579,476000,0.6320000052452087,0.6220000088214874,0.6055000007152558,0.6189999997615814,0.6926999980211258,0.7914499977231025,46.11110299375824,-0.0005565878088971132,-0.003103071613894485,0.0025464838049973717,0.6585942649381114,0.6055000007152558,0.5524057364924002,45.97069982149719,63.89499582735268,KZR
2024-08-30,0.5899999737739563,0.6200000047683716,0.5899999737739563,0.6000000238418579,0.6000000238418579,98800,0.6260000109672547,0.6210000097751618,0.6050000011920929,0.6177999997138977,0.6903999984264374,0.7907999977469444,46.11110299375824,-0.002045909639081245,-0.0028916392189318367,0.000845729579850592,0.658103681101624,0.6050000011920929,0.5518963212825617,34.798548582244486,49.14530502346938,KZR
2024-09-03,0.6100000143051147,0.6100000143051147,0.5600000023841858,0.5799999833106995,0.5799999833106995,261500,0.6060000061988831,0.6180000066757202,0.60450000166893,0.616599999666214,0.6881999981403351,0.7897999978065491,42.56677642194079,-0.004784886845966563,-0.003270288744338782,-0.0015145981016277807,0.6583423719375765,0.60450000166893,0.5506576314002836,25.64103269483,35.47009369952384,KZR
2024-09-04,0.5799999833106995,0.6000000238418579,0.5699999928474426,0.5699999928474426,0.5699999928474426,135800,0.5920000076293945,0.6150000035762787,0.6040000021457672,0.615,0.6852999979257584,0.788699997663498,40.87501342528593,-0.007674000570982997,-0.004151031109667625,-0.003522969461315372,0.6589181301171319,0.6040000021457672,0.5490818741744026,17.94871677308387,26.12943268338606,KZR
2024-09-05,0.5699999928474426,0.5899999737739563,0.5699999928474426,0.5799999833106995,0.5799999833106995,48700,0.5860000014305115,0.6100000023841858,0.60450000166893,0.6133999991416931,0.6824999976158143,0.7873999977111816,43.30175247258286,-0.009052378175326115,-0.005131300522799323,-0.0039210776525267915,0.6583423719375765,0.60450000166893,0.5506576314002836,12.820501064172182,18.80341684402863,KZR
2024-09-06,0.5799999833106995,0.5799999833106995,0.5600000023841858,0.5600000023841858,0.5600000023841858,244300,0.5779999971389771,0.6050000011920929,0.6035000026226044,0.6119999992847442,0.6799999976158142,0.785899997651577,39.78467067037511,-0.011624582717877141,-0.006429956961814887,-0.005194625756062254,0.6598116413053222,0.6035000026226044,0.5471883639398866,7.692300638503302,12.820506158586396,KZR
2024-09-09,0.5699999928474426,0.5899999737739563,0.5600000023841858,0.5699999928474426,0.5699999928474426,143400,0.571999990940094,0.5990000009536743,0.6040000021457672,0.6107999992370605,0.6778999978303909,0.7842999976873398,42.30785161381909,-0.01270964877303049,-0.007685895324058008,-0.005023753448972483,0.6589181301171319,0.6040000021457672,0.5490818741744026,7.692300638503302,9.401700780392872,KZR
2024-09-10,0.5699999928474426,0.5799999833106995,0.5600000023841858,0.5600000023841858,0.5600000023841858,351700,0.5679999947547912,0.5870000004768372,0.6025000035762786,0.6099999988079071,0.6752999979257583,0.7826999977231026,40.48110475371679,-0.014212652485413035,-0.008991246756329013,-0.0052214057290840225,0.6604223708791339,0.6025000035762786,0.5445776362734234,2.5641002128344237,5.9829004966136194,KZR
2024-09-11,0.550000011920929,0.5799999833106995,0.550000011920929,0.5799999833106995,0.5799999833106995,363800,0.5699999928474426,0.5810000002384186,0.6025000035762786,0.6099999988079071,0.6731999975442886,0.7810499975085259,45.5452680437979,-0.013632811872937634,-0.009919559779650738,-0.003713252093286896,0.6604223708791339,0.6025000035762786,0.5445776362734234,9.706951273584336,6.654450708307297,KZR
2024-09-12,0.5799999833106995,0.5799999833106995,0.5600000023841858,0.5699999928474426,0.5699999928474426,319400,0.5679999947547912,0.5769999980926513,0.6005000025033951,0.6099999988079071,0.6709999972581864,0.7793499973416328,43.550024427926445,-0.013820881152278641,-0.010699824054176318,-0.003121057098102323,0.6599895034601939,0.6005000025033951,0.5410105015465962,11.904751767916503,8.058601084778365,KZR
2024-09-13,0.5699999928474426,0.5899999737739563,0.5699999928474426,0.5699999928474426,0.5699999928474426,196400,0.5699999928474426,0.5739999949932099,0.5980000019073486,0.609799998998642,0.6684999972581863,0.7777499973773956,43.550024427926445,-0.013810725959143899,-0.011322004435169834,-0.002488721523974065,0.6581996764272666,0.5980000019073486,0.5378003273874306,16.66665247508311,12.75945183886126,KZR
2024-09-16,0.5699999928474426,0.6000000238418579,0.5699999928474426,0.5699999928474426,0.5699999928474426,109600,0.5699999928474426,0.5709999918937683,0.596000000834465,0.6095999991893768,0.6658999973535538,0.776249997317791,43.550024427926445,-0.013645382420828689,-0.011786680032301605,-0.001858702388527084,0.6571228348418919,0.596000000834465,0.5348771668270381,14.652001840002079,14.407802027667174,KZR
2024-09-17,0.5699999928474426,0.5899999737739563,0.5600000023841858,0.5699999928474426,0.5699999928474426,481400,0.571999990940094,0.5699999928474426,0.5939999997615815,0.6099999988079071,0.6635999971628189,0.7749499973654747,43.55002442792645,-0.013360336829033814,-0.012101411391648047,-0.0012589254373857675,0.6557737873058345,0.5939999997615815,0.5322262122173285,15.445651169442655,15.588101828175892,KZR
2024-09-18,0.5699999928474426,0.5899999737739563,0.5699999928474426,0.5799999833106995,0.5799999833106995,415900,0.571999990940094,0.5709999918937683,0.5929999977350235,0.6103999984264373,0.6614999967813492,0.7736499974131584,46.69118699586179,-0.012187035922962886,-0.012118536297911014,-6.849962505187102e-05,0.6550000045550405,0.5929999977350235,0.5309999909150066,20.68374450180944,16.927132503751334,KZR
2024-09-19,0.5701000094413757,0.5903000235557556,0.5701000094413757,0.5895000100135803,0.5895000100135803,113845,0.5758999943733215,0.5719499945640564,0.590974998474121,0.6107899987697601,0.6593949967622756,0.7723974975943565,49.562560007544675,-0.01037106258808529,-0.01176904155594587,0.001397978967860581,0.6506092870798906,0.590974998474121,0.5313407098683515,34.365068899348906,23.498154856866943,KZR
